,nodeid1,nodeid2,label
0,39992,41456,0
1,138044,85481,0
2,35551,89514,0
3,130873,83040,0
4,87303,53017,0
5,113629,9800,0
6,16092,133160,0
7,133577,99175,0
8,131716,51046,0
9,132381,5113,0
10,134012,3006,0
11,77460,20907,0
12,145493,4061,0
13,67152,4303,0
14,116943,80006,0
15,133369,60422,0
16,85165,98058,0
17,145378,56668,0
18,126823,101684,0
19,71114,33332,0
20,1005,43737,0
21,91982,78546,0
22,35707,111732,0
23,128316,130173,0
24,45353,8318,0
25,51722,80370,0
26,17408,122489,0
27,129621,107957,0
28,1072,36228,0
29,127974,116744,0
30,39823,58043,0
31,43860,120165,0
32,87828,152770,0
33,14823,52316,0
34,107114,24907,0
35,100223,142653,0
36,73802,69389,0
37,86683,100199,0
38,127328,9618,0
39,25109,83475,0
40,105278,62446,0
41,82393,64706,0
42,90461,91880,0
43,33582,32301,0
44,41044,62987,0
45,111248,129523,0
46,124069,91193,0
47,89641,63149,0
48,60713,26438,0
49,43756,62828,0
50,8882,152632,0
51,114923,130477,0
52,50492,89527,0
53,5177,126584,0
54,27972,74957,0
55,17678,133163,0
56,98681,79233,0
57,975,74347,0
58,85133,46810,0
59,74569,99557,0
60,78537,109955,0
61,75271,120443,0
62,26057,6571,0
63,139137,4035,0
64,113530,31048,0
65,104705,74626,0
66,115067,147021,0
67,115210,28208,0
68,70392,28236,0
69,128237,12632,0
70,66618,77285,0
71,26258,130919,0
72,7290,150448,0
73,148577,35414,0
74,135358,17192,0
75,72229,65201,0
76,5733,143917,0
77,44679,20648,0
78,26130,110879,0
79,151603,67172,0
80,43885,70267,0
81,61442,124346,0
82,121560,71054,0
83,111198,79132,0
84,136570,143617,0
85,9531,88699,0
86,147101,57157,0
87,146434,87230,0
88,96345,123062,0
89,33375,66711,0
90,41006,80679,0
91,144174,10245,0
92,8377,42342,0
93,76794,106426,0
94,16932,24178,0
95,155085,15779,0
96,112521,95669,0
97,30707,55433,0
98,70185,45610,0
99,134726,76592,0
100,72023,98200,0
101,1870,65981,0
102,33593,103180,0
103,51183,96622,0
104,107828,68930,0
105,97816,141421,0
106,115031,93695,0
107,133688,45003,0
108,91457,129871,0
109,85762,71700,0
110,110734,114763,0
111,20007,28010,0
112,68548,128816,0
113,98429,78485,0
114,29546,16096,0
115,106347,4375,0
116,5362,24963,0
117,107847,96370,0
118,90425,60030,0
119,75780,96889,0
120,99191,45810,0
121,20277,145167,0
122,35366,89894,0
123,126006,92132,0
124,95313,75085,0
125,64228,87307,0
126,10370,42846,0
127,74615,36619,0
128,24051,106476,0
129,17221,4577,0
130,74452,82699,0
131,17243,109701,0
132,109781,58038,0
133,110923,6769,0
134,111772,103476,0
135,93791,106332,0
136,10515,121858,0
137,16459,58569,0
138,32117,81898,0
139,69937,72458,0
140,40112,99992,0
141,6938,111878,0
142,11341,154493,0
143,96738,85211,0
144,154360,110617,0
145,5187,42839,0
146,119046,51476,0
147,120246,122176,0
148,39108,150235,0
149,28814,9062,0
150,146771,42847,0
151,8766,115631,0
152,134187,82404,0
153,141766,93718,0
154,103818,54311,0
155,23818,40701,0
156,14834,23156,0
157,98949,8755,0
158,52166,133554,0
159,82256,76878,0
160,68058,126009,0
161,6429,31309,0
162,108869,125198,0
163,154961,128602,0
164,110085,117854,0
165,135092,104249,0
166,63298,149306,0
167,135050,40921,0
168,14274,31423,0
169,3153,77803,0
170,83238,73317,0
171,118067,107221,0
172,33100,82716,0
173,12195,73709,0
174,59100,45503,0
175,9721,67290,0
176,30698,104663,0
177,81275,1234,0
178,119073,48624,0
179,72095,132029,0
180,6402,59794,0
181,35140,31082,0
182,128256,31576,0
183,86419,86837,0
184,38319,136716,0
185,74229,29276,0
186,105717,106791,0
187,114911,40274,0
188,108056,13998,0
189,125424,55822,0
190,154302,152965,0
191,23392,108678,0
192,24623,117170,0
193,56272,101388,0
194,143708,28983,0
195,19185,41917,0
196,88041,68334,0
197,141972,19027,0
198,48085,102312,0
199,107097,17015,0
200,53394,88449,0
201,11627,6621,0
202,30004,32749,0
203,93220,44428,0
204,137342,142414,0
205,19480,42341,0
206,46405,148468,0
207,56170,101080,0
208,64073,75859,0
209,54121,61689,0
210,151856,113687,0
211,57158,122043,0
212,100145,153622,0
213,819,87508,0
214,60661,61755,0
215,131562,154933,0
216,144305,40101,0
217,56242,19724,0
218,75427,94835,0
219,64480,25913,0
220,116731,65939,0
221,87752,74336,0
222,71074,49232,0
223,22353,77860,0
224,2489,117814,0
225,21446,81206,0
226,120258,153102,0
227,83908,19538,0
228,29848,122576,0
229,104108,51478,0
230,115396,139939,0
231,76049,99856,0
232,28453,134052,0
233,23846,71985,0
234,70248,83142,0
235,38931,106588,0
236,142359,43842,0
237,117635,40906,0
238,108865,4616,0
239,5908,9137,0
240,54915,154711,0
241,103228,44955,0
242,69325,22053,0
243,52790,98976,0
244,26641,95186,0
245,116217,61952,0
246,68174,98663,0
247,107346,129009,0
248,77451,94860,0
249,131216,29650,0
250,72788,124689,0
251,102241,114791,0
252,127013,57486,0
253,66509,85774,0
254,136787,64483,0
255,131296,66044,0
256,118509,133751,0
257,70270,92152,0
258,35976,30912,0
259,118860,45523,0
260,3070,139350,0
261,127930,14426,0
262,91146,103466,0
263,113727,115085,0
264,124665,2842,0
265,51311,19074,0
266,122792,14545,0
267,46986,111498,0
268,22301,38845,0
269,48368,136324,0
270,4393,134240,0
271,108562,6024,0
272,86137,1164,0
273,20522,46307,0
274,84710,89146,0
275,131986,14382,0
276,120683,94007,0
277,39107,135905,0
278,72503,39605,0
279,9963,72191,0
280,73097,81818,0
281,44573,95088,0
282,71284,45408,0
283,89145,104763,0
284,32335,36379,0
285,108950,103258,0
286,60929,149863,0
287,25890,60400,0
288,80722,18485,0
289,50477,149999,0
290,109267,39169,0
291,95570,69161,0
292,121000,33924,0
293,82314,91957,0
294,115801,94286,0
295,60473,23629,0
296,47089,134178,0
297,9142,128619,0
298,124230,76313,0
299,114866,110079,0
300,8775,115714,0
301,90650,94577,0
302,125076,144678,0
303,2076,68384,0
304,133295,135504,0
305,121262,134266,0
306,76576,73253,0
307,69767,45083,0
308,77665,19424,0
309,58667,46234,0
310,77126,112349,0
311,64637,23202,0
312,68123,146475,0
313,129694,22011,0
314,137286,6899,0
315,147282,88011,0
316,135050,102380,0
317,16454,11388,0
318,97114,121314,0
319,143183,120238,0
320,33919,31961,0
321,19971,125358,0
322,5573,3606,0
323,92275,123508,0
324,21889,50707,0
325,87266,30951,0
326,17467,131568,0
327,35890,128349,0
328,115119,102812,0
329,40033,141903,0
330,37226,130534,0
331,110752,149753,0
332,12988,30851,0
333,114007,100094,0
334,21495,104094,0
335,42926,60459,0
336,121781,120404,0
337,103022,152937,0
338,1614,78880,0
339,66359,93790,0
340,152693,151770,0
341,128990,50759,0
342,619,82719,0
343,84865,72828,0
344,9134,87732,0
345,131066,146116,0
346,97468,46684,0
347,78000,148215,0
348,63705,56484,0
349,52818,57205,0
350,137507,35276,0
351,53900,58409,0
352,50126,144104,0
353,33919,96113,0
354,28184,138952,0
355,40661,42729,0
356,147285,52677,0
357,85886,140520,0
358,71070,82055,0
359,103684,87348,0
360,75708,114944,0
361,94630,148355,0
362,81107,154699,0
363,110363,7442,0
364,132632,28888,0
365,145717,134622,0
366,18440,84944,0
367,86999,55857,0
368,24577,66752,0
369,38898,2624,0
370,13011,116099,0
371,153656,66767,0
372,108360,42603,0
373,16686,138719,0
374,27256,33363,0
375,117659,54733,0
376,97080,46157,0
377,109869,50446,0
378,102354,138325,0
379,131266,16149,0
380,55334,21400,0
381,75840,42307,0
382,63253,125719,0
383,95058,154687,0
384,27130,107124,0
385,43624,44597,0
386,80903,147594,0
387,146480,79824,0
388,65556,14749,0
389,111246,24900,0
390,22179,151078,0
391,137124,90426,0
392,25694,77569,0
393,146839,38636,0
394,120608,31397,0
395,91164,121129,0
396,151445,142536,0
397,131782,67392,0
398,148654,31475,0
399,73811,39970,0
400,144911,122339,0
401,3928,139556,0
402,76941,131840,0
403,75968,75078,0
404,98857,128425,0
405,2959,47271,0
406,44867,145117,0
407,142158,39661,0
408,47510,69650,0
409,20667,152628,0
410,114579,104509,0
411,131498,147358,0
412,9816,155134,0
413,47312,99538,0
414,24069,80481,0
415,114748,70785,0
416,107243,4293,0
417,30154,91750,0
418,122762,101872,0
419,10275,106877,0
420,100066,23246,0
421,31772,110660,0
422,14728,79100,0
423,92315,63362,0
424,92547,23219,0
425,118644,136415,0
426,121439,110540,0
427,109524,103707,0
428,23573,95996,0
429,79064,55246,0
430,40569,98311,0
431,110929,31913,0
432,76925,65659,0
433,137547,66223,0
434,36334,20142,0
435,25717,109224,0
436,38421,143039,0
437,7991,106708,0
438,20845,47380,0
439,42274,27608,0
440,125080,43216,0
441,90629,137845,0
442,119582,81908,0
443,58664,114484,0
444,38796,23640,0
445,111397,55806,0
446,93872,52518,0
447,102901,124066,0
448,70885,38705,0
449,75292,41601,0
450,86023,153502,0
451,146439,56039,0
452,100149,93507,0
453,33819,102992,0
454,364,29215,0
455,55147,82787,0
456,106586,65129,0
457,7852,98117,0
458,60080,18153,0
459,132626,141155,0
460,33363,40568,0
461,51979,145640,0
462,112235,49457,0
463,152056,26627,0
464,102789,138080,0
465,26177,73462,0
466,144737,91819,0
467,147638,144176,0
468,138276,137993,0
469,117888,19369,0
470,110698,12477,0
471,26923,110119,0
472,142185,112089,0
473,27140,96197,0
474,2614,27563,0
475,27248,100858,0
476,26810,152742,0
477,17648,132329,0
478,47619,15019,0
479,118292,44379,0
480,152438,104318,0
481,26957,17154,0
482,85326,50790,0
483,67673,56681,0
484,132236,122516,0
485,58312,137856,0
486,63668,67535,0
487,86878,47093,0
488,47947,114843,0
489,162,110592,0
490,65034,132013,0
491,99592,16291,0
492,56088,154780,0
493,77442,90677,0
494,25096,52213,0
495,48667,52804,0
496,130185,130845,0
497,110798,60432,0
498,36515,50513,0
499,88086,11279,0
500,36434,133775,0
501,150107,87505,0
502,110767,43123,0
503,30903,128732,0
504,89336,65780,0
505,121930,140285,0
506,99850,108174,0
507,63054,30176,0
508,140733,11985,0
509,58782,149270,0
510,59274,52924,0
511,103525,20779,0
512,98116,57583,0
513,49225,116148,0
514,131042,100500,0
515,100353,86842,0
516,2109,18191,0
517,141765,38773,0
518,89515,51810,0
519,70058,133288,0
520,142479,111505,0
521,29160,81295,0
522,25100,78948,0
523,51313,63637,0
524,135143,6408,0
525,28074,67733,0
526,30372,116881,0
527,12380,93847,0
528,55222,149375,0
529,49694,6028,0
530,100032,109138,0
531,114175,77467,0
532,39544,137171,0
533,145759,46076,0
534,35052,150849,0
535,76455,27544,0
536,70923,2028,0
537,83353,150965,0
538,111783,22080,0
539,5168,16302,0
540,5462,19479,0
541,15148,141835,0
542,85641,35160,0
543,52173,89082,0
544,148707,146161,0
545,52080,9578,0
546,117324,76311,0
547,125152,61792,0
548,99074,22382,0
549,55441,142044,0
550,88216,47548,0
551,44444,68788,0
552,59736,123950,0
553,105512,87549,0
554,36255,115721,0
555,30174,73780,0
556,78379,122019,0
557,120254,121918,0
558,6631,22225,0
559,120899,96861,0
560,46346,26417,0
561,72931,28015,0
562,82905,76843,0
563,97887,119383,0
564,38018,125341,0
565,34173,64821,0
566,147673,20050,0
567,102511,51483,0
568,23033,15620,0
569,144174,141071,0
570,69240,56312,0
571,6032,105062,0
572,80221,126173,0
573,68221,132995,0
574,31686,139442,0
575,43943,12977,0
576,52411,21381,0
577,35348,152853,0
578,99172,75113,0
579,5565,47969,0
580,121769,33431,0
581,54308,2447,0
582,137518,100319,0
583,43078,100722,0
584,100991,76027,0
585,129999,109326,0
586,141531,76928,0
587,62237,141371,0
588,129332,80801,0
589,149181,95187,0
590,115114,52178,0
591,34216,43079,0
592,10782,25902,0
593,37808,58351,0
594,102017,28561,0
595,101201,65934,0
596,71407,97419,0
597,137198,13091,0
598,116840,17191,0
599,22263,33465,0
600,150994,101439,0
601,81059,130458,0
602,34961,42389,0
603,10925,104644,0
604,10561,13461,0
605,6246,115800,0
606,107444,5283,0
607,12703,133842,0
608,142847,93993,0
609,95494,139250,0
610,70713,73813,0
611,109590,35250,0
612,66695,19404,0
613,34699,83775,0
614,50751,115233,0
615,57159,109267,0
616,78533,105768,0
617,53709,69238,0
618,97736,56797,0
619,22473,129482,0
620,8532,35337,0
621,96667,24516,0
622,40480,29896,0
623,28910,139067,0
624,104349,68407,0
625,120264,6585,0
626,153122,28171,0
627,142685,83410,0
628,96451,78138,0
629,127165,96073,0
630,70780,108625,0
631,66050,76266,0
632,65463,131398,0
633,92030,11453,0
634,84157,1334,0
635,75862,114616,0
636,27155,77252,0
637,74348,3659,0
638,67667,148098,0
639,20808,11910,0
640,82154,82502,0
641,154388,19027,0
642,62615,78642,0
643,117792,125806,0
644,139783,130270,0
645,29371,97894,0
646,129439,148582,0
647,42246,121070,0
648,87036,131149,0
649,128422,88009,0
650,82071,59586,0
651,82088,104100,0
652,43348,61467,0
653,73162,19466,0
654,145615,112818,0
655,113053,60109,0
656,37245,28458,0
657,67925,29073,0
658,124684,38814,0
659,62199,148644,0
660,3190,147242,0
661,104409,31658,0
662,67129,33184,0
663,63456,87213,0
664,152683,37019,0
665,10262,27159,0
666,42550,138830,0
667,25992,9647,0
668,29063,119117,0
669,41865,150219,0
670,23221,116349,0
671,29758,151410,0
672,45794,114117,0
673,59098,105071,0
674,35134,53953,0
675,75946,105523,0
676,113335,19597,0
677,76704,104113,0
678,29036,140186,0
679,65073,103770,0
680,110434,52808,0
681,79819,82840,0
682,119368,147078,0
683,41251,141051,0
684,7420,51617,0
685,79384,55190,0
686,91711,11216,0
687,100048,63193,0
688,1966,145793,0
689,122724,59007,0
690,26577,51195,0
691,6734,8508,0
692,117563,57232,0
693,62103,90871,0
694,111353,114036,0
695,42956,52548,0
696,103930,63189,0
697,8002,45768,0
698,28198,74255,0
699,154448,81475,0
700,5393,73822,0
701,112064,25628,0
702,55219,21847,0
703,105915,36527,0
704,50163,30742,0
705,115809,135307,0
706,1407,98019,0
707,31647,49660,0
708,109794,152700,0
709,37121,100428,0
710,55456,149408,0
711,18713,150572,0
712,74670,37285,0
713,15485,153406,0
714,14145,62479,0
715,6666,60738,0
716,127241,146011,0
717,150791,135149,0
718,123950,107072,0
719,129010,80793,0
720,88804,123678,0
721,102490,56534,0
722,100320,39631,0
723,2434,92459,0
724,19771,148664,0
725,92347,52025,0
726,7636,25187,0
727,41950,31859,0
728,46270,75428,0
729,114961,83808,0
730,27530,41310,0
731,73029,79747,0
732,8334,136284,0
733,145801,29065,0
734,133357,93730,0
735,127935,151550,0
736,142765,129969,0
737,63054,127695,0
738,150857,84473,0
739,47581,39665,0
740,11295,12561,0
741,144576,145109,0
742,38280,70864,0
743,108282,142804,0
744,114983,12204,0
745,10785,109863,0
746,21145,102138,0
747,118057,12627,0
748,67375,16363,0
749,138380,139703,0
750,43824,152073,0
751,106966,43818,0
752,35516,88920,0
753,93940,61461,0
754,80326,3019,0
755,3351,54201,0
756,82445,126968,0
757,42299,8607,0
758,20865,144577,0
759,131428,153650,0
760,90130,25284,0
761,48715,61421,0
762,132716,18336,0
763,12712,141082,0
764,33484,100643,0
765,58920,111973,0
766,85481,95002,0
767,86597,54790,0
768,144980,104148,0
769,139548,51012,0
770,119054,93268,0
771,5781,133787,0
772,143176,28084,0
773,55943,40970,0
774,20348,58044,0
775,60805,128555,0
776,5827,49189,0
777,52283,22924,0
778,112673,117674,0
779,92193,68374,0
780,18088,8892,0
781,35343,92289,0
782,137502,72580,0
783,154048,21306,0
784,110885,56299,0
785,72008,51526,0
786,8221,15105,0
787,132261,84366,0
788,95441,84785,0
789,150589,131713,0
790,2038,132334,0
791,111855,5828,0
792,101951,27745,0
793,145621,121150,0
794,153523,127358,0
795,81657,118806,0
796,6058,50738,0
797,20236,139423,0
798,121604,68557,0
799,134959,118090,0
800,135934,127221,0
801,153589,93150,0
802,18343,47782,0
803,153708,50765,0
804,120745,24064,0
805,14684,16420,0
806,60696,139109,0
807,140786,21597,0
808,29295,41174,0
809,129879,78810,0
810,16864,10004,0
811,77530,39290,0
812,12339,132570,0
813,131414,13110,0
814,78663,58154,0
815,52430,145709,0
816,79429,16127,0
817,12526,114894,0
818,71298,109168,0
819,139312,12777,0
820,20262,114142,0
821,66154,47188,0
822,30875,114232,0
823,125665,49925,0
824,133816,41537,0
825,57966,66966,0
826,84830,94736,0
827,112233,9100,0
828,25479,95492,0
829,51679,35746,0
830,102643,76825,0
831,21664,79240,0
832,141218,107920,0
833,73892,18942,0
834,21696,108617,0
835,102829,39610,0
836,70274,7858,0
837,82866,2352,0
838,127966,71371,0
839,50804,20029,0
840,7889,6132,0
841,107730,108129,0
842,55199,111539,0
843,144244,1552,0
844,153027,133904,0
845,138112,134600,0
846,85181,137884,0
847,21627,41478,0
848,32066,17576,0
849,19202,136800,0
850,100413,41481,0
851,5984,117981,0
852,22444,107575,0
853,41394,106910,0
854,33356,49747,0
855,75686,142869,0
856,22033,80774,0
857,98667,149777,0
858,150600,127569,0
859,143404,99003,0
860,101736,30922,0
861,90066,45729,0
862,76123,123606,0
863,141690,129392,0
864,99476,55260,0
865,58806,128721,0
866,141562,65989,0
867,149954,125448,0
868,29576,81408,0
869,14604,45698,0
870,104361,65757,0
871,30835,38566,0
872,22693,27936,0
873,124110,73429,0
874,45462,42619,0
875,145821,129720,0
876,90490,62119,0
877,135695,142903,0
878,61748,6912,0
879,17513,132625,0
880,120232,84261,0
881,114158,47757,0
882,126012,119989,0
883,142387,36798,0
884,134078,130564,0
885,134674,78332,0
886,48852,35018,0
887,124031,10475,0
888,3760,129089,0
889,34988,80232,0
890,19834,109140,0
891,103171,123280,0
892,140752,83561,0
893,137240,119708,0
894,143242,11760,0
895,106498,98602,0
896,29421,108024,0
897,102693,129205,0
898,10268,151980,0
899,65009,149115,0
900,67905,134906,0
901,148089,94592,0
902,18999,151372,0
903,122867,22045,0
904,115191,17558,0
905,50249,36034,0
906,84242,42958,0
907,7099,5650,0
908,150430,1819,0
909,14646,55547,0
910,102170,25599,0
911,29801,154866,0
912,66339,50002,0
913,115988,101929,0
914,76542,130906,0
915,38810,54979,0
916,110035,151260,0
917,35988,5647,0
918,19836,12524,0
919,114852,50955,0
920,136068,98406,0
921,18543,128262,0
922,37717,123491,0
923,1474,123937,0
924,144778,14480,0
925,131278,51152,0
926,27947,104121,0
927,72074,48095,0
928,27262,941,0
929,129062,123691,0
930,121222,49305,0
931,19085,27083,0
932,56622,148371,0
933,92703,105968,0
934,129800,62887,0
935,689,59666,0
936,145787,4847,0
937,30086,121042,0
938,18976,16382,0
939,142796,30414,0
940,143727,87247,0
941,17183,150981,0
942,61246,103845,0
943,143120,9397,0
944,110933,27845,0
945,3902,141578,0
946,118237,13861,0
947,133594,95795,0
948,93876,104817,0
949,89155,78246,0
950,112146,118863,0
951,16941,70061,0
952,48669,140799,0
953,152479,10463,0
954,12882,2191,0
955,22178,39422,0
956,7526,154533,0
957,65783,93274,0
958,31600,24909,0
959,112916,7545,0
960,41807,36565,0
961,131943,148151,0
962,83414,71945,0
963,12292,107384,0
964,143301,45277,0
965,85148,44174,0
966,6792,137826,0
967,16357,110737,0
968,128392,78436,0
969,122315,149857,0
970,20703,93383,0
971,140510,130283,0
972,75897,144062,0
973,94532,71354,0
974,113190,108960,0
975,99973,55330,0
976,48008,127327,0
977,134291,102918,0
978,124276,29707,0
979,132241,81196,0
980,47260,22763,0
981,135671,17396,0
982,59825,98814,0
983,99841,70213,0
984,153195,88209,0
985,108707,110847,0
986,59946,154264,0
987,112323,148198,0
988,145811,51125,0
989,26849,31502,0
990,145873,36094,0
991,74828,80560,0
992,105784,92717,0
993,107955,83995,0
994,70174,146372,0
995,23855,69912,0
996,55885,128241,0
997,82875,89528,0
998,45232,61980,0
999,154569,138825,0
1000,111455,154923,0
1001,69977,96015,0
1002,95794,87060,0
1003,15936,119508,0
1004,117253,13851,0
1005,122095,27283,0
1006,118699,62364,0
1007,53060,19331,0
1008,155176,15724,0
1009,139696,29699,0
1010,83446,98440,0
1011,26831,19991,0
1012,150570,35130,0
1013,32048,8685,0
1014,109011,20407,0
1015,60069,142750,0
1016,18068,62192,0
1017,117132,94237,0
1018,74962,150411,0
1019,38497,103444,0
1020,59866,77316,0
1021,62376,105332,0
1022,8668,25991,0
1023,9293,98364,0
1024,90734,53524,0
1025,127466,132976,0
1026,135370,46567,0
1027,71311,55817,0
1028,105511,10747,0
1029,70352,74984,0
1030,33495,10242,0
1031,7187,26109,0
1032,2977,57839,0
1033,142546,16825,0
1034,63631,94868,0
1035,109094,143406,0
1036,68584,88780,0
1037,71655,41692,0
1038,50881,150674,0
1039,39845,81731,0
1040,38728,77623,0
1041,82559,139637,0
1042,37306,115269,0
1043,13647,121144,0
1044,2715,148112,0
1045,63898,35759,0
1046,45349,70573,0
1047,92590,22648,0
1048,139936,33987,0
1049,122322,147988,0
1050,71639,61313,0
1051,59225,37670,0
1052,56180,93205,0
1053,3533,133290,0
1054,56143,70184,0
1055,72698,100897,0
1056,37705,127796,0
1057,141942,151611,0
1058,32018,1717,0
1059,137587,130822,0
1060,86741,25421,0
1061,70057,103371,0
1062,7638,65916,0
1063,149699,117633,0
1064,87808,21595,0
1065,75683,10070,0
1066,16577,77344,0
1067,100117,24811,0
1068,142719,152356,0
1069,44810,34101,0
1070,11594,127104,0
1071,150202,61644,0
1072,8856,155164,0
1073,122849,59291,0
1074,93771,80423,0
1075,25256,70915,0
1076,23350,24880,0
1077,42507,151969,0
1078,7699,121745,0
1079,21558,56132,0
1080,35637,92138,0
1081,131005,17187,0
1082,130812,72443,0
1083,106602,142987,0
1084,97578,54744,0
1085,75334,29993,0
1086,86650,127459,0
1087,117637,64843,0
1088,23411,133563,0
1089,91203,89098,0
1090,63904,15864,0
1091,120324,66529,0
1092,106237,25289,0
1093,136631,90308,0
1094,109121,65140,0
1095,6932,115993,0
1096,42726,110517,0
1097,111415,73767,0
1098,46108,31466,0
1099,106466,130346,0
1100,3962,44829,0
1101,108127,135287,0
1102,76448,77275,0
1103,151777,64767,0
1104,15842,42669,0
1105,33540,107700,0
1106,73868,83530,0
1107,89438,93333,0
1108,119221,97545,0
1109,117268,84792,0
1110,142555,67917,0
1111,107766,23716,0
1112,82286,133570,0
1113,46855,61539,0
1114,9276,33234,0
1115,96267,24999,0
1116,99008,13141,0
1117,64400,112886,0
1118,70430,78198,0
1119,36151,40466,0
1120,112525,83501,0
1121,105145,125380,0
1122,115990,49029,0
1123,96690,27612,0
1124,132973,100638,0
1125,98725,9484,0
1126,80914,81637,0
1127,57762,143273,0
1128,12239,74499,0
1129,54799,38510,0
1130,43869,9693,0
1131,95586,29865,0
1132,119866,49669,0
1133,57043,104307,0
1134,114765,150054,0
1135,59513,87770,0
1136,116019,144631,0
1137,41346,83836,0
1138,65588,104249,0
1139,71075,60006,0
1140,137364,85462,0
1141,13077,98190,0
1142,105925,124328,0
1143,119461,65008,0
1144,48171,37494,0
1145,144644,9547,0
1146,290,48148,0
1147,19370,63692,0
1148,127439,21328,0
1149,143985,99077,0
1150,64786,86247,0
1151,95209,82200,0
1152,103970,93963,0
1153,100398,103824,0
1154,107472,154674,0
1155,54966,119098,0
1156,104864,68172,0
1157,102592,49375,0
1158,71725,60209,0
1159,150858,58682,0
1160,22635,70623,0
1161,148379,49,0
1162,37903,113828,0
1163,120898,141389,0
1164,83060,87811,0
1165,1534,149736,0
1166,55869,95101,0
1167,10054,52257,0
1168,100129,49140,0
1169,134007,54236,0
1170,84281,13703,0
1171,41489,140162,0
1172,89540,6004,0
1173,14160,140488,0
1174,124688,58993,0
1175,34534,126628,0
1176,52126,13727,0
1177,68756,100211,0
1178,52266,98591,0
1179,37601,150623,0
1180,113942,79378,0
1181,21497,94611,0
1182,17122,97185,0
1183,119477,149912,0
1184,24644,48983,0
1185,28362,7811,0
1186,79626,78478,0
1187,38386,30271,0
1188,27655,50534,0
1189,120568,144972,0
1190,103153,100548,0
1191,52109,121081,0
1192,31713,18578,0
1193,82824,97896,0
1194,45069,17051,0
1195,27817,128198,0
1196,58997,15201,0
1197,123534,35691,0
1198,11045,99365,0
1199,92161,68393,0
1200,122293,145910,0
1201,82155,10946,0
1202,125319,119409,0
1203,53363,79947,0
1204,11448,123392,0
1205,11732,2997,0
1206,140248,112198,0
1207,11480,46034,0
1208,141531,28911,0
1209,79978,32341,0
1210,124419,55660,0
1211,47713,29017,0
1212,106752,76612,0
1213,60447,3218,0
1214,94295,33424,0
1215,8333,41929,0
1216,49998,138998,0
1217,70053,7211,0
1218,24723,113040,0
1219,86045,121455,0
1220,40804,2985,0
1221,126851,118862,0
1222,119051,29397,0
1223,4542,134507,0
1224,92139,89867,0
1225,65767,83317,0
1226,34900,127952,0
1227,113395,108285,0
1228,120365,122961,0
1229,133379,4464,0
1230,88246,83784,0
1231,127225,99496,0
1232,46853,126125,0
1233,93626,143432,0
1234,118530,76248,0
1235,57897,64275,0
1236,122958,58470,0
1237,29168,42389,0
1238,135413,91141,0
1239,69197,145448,0
1240,80454,9181,0
1241,82146,13759,0
1242,66,19797,0
1243,128131,35999,0
1244,34690,81675,0
1245,15998,150390,0
1246,49577,111610,0
1247,82493,142453,0
1248,39150,85210,0
1249,47347,95710,0
1250,74733,103762,0
1251,73571,12955,0
1252,100973,107812,0
1253,57121,94725,0
1254,63196,104125,0
1255,63912,84517,0
1256,43058,1181,0
1257,36577,139463,0
1258,98204,40550,0
1259,4142,1048,0
1260,112115,34269,0
1261,22491,111726,0
1262,66105,50010,0
1263,20119,151046,0
1264,96783,82076,0
1265,48565,66207,0
1266,109732,92829,0
1267,834,44976,0
1268,109830,144881,0
1269,151878,57790,0
1270,79381,71880,0
1271,133049,62206,0
1272,48126,99210,0
1273,76941,41858,0
1274,45647,136376,0
1275,82178,108983,0
1276,53749,109484,0
1277,6075,98771,0
1278,139145,17309,0
1279,57964,68723,0
1280,10274,34413,0
1281,117310,118256,0
1282,145811,95499,0
1283,101462,146779,0
1284,26954,150603,0
1285,74092,128659,0
1286,9499,43622,0
1287,4016,136982,0
1288,123151,144617,0
1289,78533,73254,0
1290,133344,89716,0
1291,3193,118766,0
1292,30608,66355,0
1293,81410,44105,0
1294,54857,145913,0
1295,62291,119798,0
1296,47916,3472,0
1297,47909,109551,0
1298,44947,115029,0
1299,23217,19770,0
1300,112002,77438,0
1301,132378,106668,0
1302,14133,73465,0
1303,151508,103089,0
1304,138160,2162,0
1305,71252,57157,0
1306,20802,118052,0
1307,37225,147599,0
1308,51877,61187,0
1309,6469,101097,0
1310,150746,38363,0
1311,89613,100712,0
1312,26793,32790,0
1313,96994,133044,0
1314,119557,49575,0
1315,5933,31592,0
1316,131016,26902,0
1317,126400,111994,0
1318,101251,71559,0
1319,74794,125771,0
1320,146995,147617,0
1321,24949,86749,0
1322,119952,59492,0
1323,139020,83926,0
1324,80177,32135,0
1325,32264,15642,0
1326,37405,71085,0
1327,101596,38671,0
1328,71772,109606,0
1329,70804,56636,0
1330,149695,339,0
1331,120588,35436,0
1332,30129,30413,0
1333,136958,130977,0
1334,77533,145046,0
1335,37541,137569,0
1336,95468,82857,0
1337,93446,46355,0
1338,8514,91130,0
1339,70442,140365,0
1340,55914,26424,0
1341,4197,57954,0
1342,146359,7908,0
1343,112198,38786,0
1344,63699,120249,0
1345,49998,144520,0
1346,76877,18977,0
1347,105911,128320,0
1348,34761,62325,0
1349,12235,122453,0
1350,76204,93924,0
1351,15527,105840,0
1352,68761,42510,0
1353,146050,105071,0
1354,17358,95760,0
1355,129530,2815,0
1356,134596,32462,0
1357,50510,68623,0
1358,127975,25488,0
1359,108742,5106,0
1360,124335,50103,0
1361,104712,134895,0
1362,29793,53303,0
1363,14305,99558,0
1364,83342,74492,0
1365,42076,1408,0
1366,146292,20887,0
1367,87654,59999,0
1368,22105,24215,0
1369,92783,19372,0
1370,109944,133265,0
1371,133430,46829,0
1372,120123,151074,0
1373,102660,71179,0
1374,21078,42083,0
1375,64641,28274,0
1376,28945,29424,0
1377,40480,148531,0
1378,109765,15396,0
1379,140730,63744,0
1380,64006,37041,0
1381,84025,57825,0
1382,36145,109561,0
1383,26755,101083,0
1384,36208,21861,0
1385,103316,94147,0
1386,107525,64017,0
1387,86220,27095,0
1388,71309,77472,0
1389,109962,94293,0
1390,926,149326,0
1391,124830,34630,0
1392,132275,28616,0
1393,103104,39943,0
1394,75999,76573,0
1395,60291,551,0
1396,96780,29720,0
1397,143116,66767,0
1398,104003,107603,0
1399,148559,50505,0
1400,81522,41452,0
1401,75891,127568,0
1402,6552,106052,0
1403,65559,96878,0
1404,112217,85482,0
1405,32281,109890,0
1406,83932,51524,0
1407,152060,19469,0
1408,57791,142089,0
1409,94321,53259,0
1410,152620,84746,0
1411,73063,79838,0
1412,110150,116953,0
1413,27958,95424,0
1414,33639,126252,0
1415,95622,147328,0
1416,46768,20535,0
1417,140099,77045,0
1418,37848,44223,0
1419,22132,45436,0
1420,131571,109983,0
1421,44574,16846,0
1422,10183,238,0
1423,21805,88585,0
1424,64541,111401,0
1425,144518,114002,0
1426,30834,99517,0
1427,8161,129151,0
1428,124134,721,0
1429,83613,26857,0
1430,105761,15209,0
1431,147918,65762,0
1432,112138,150429,0
1433,54985,134463,0
1434,21232,129994,0
1435,28580,7534,0
1436,143726,55488,0
1437,36758,78864,0
1438,105204,60377,0
1439,125713,133579,0
1440,153460,90152,0
1441,20740,25057,0
1442,111241,114255,0
1443,1355,83787,0
1444,21310,68867,0
1445,17569,133165,0
1446,150274,81405,0
1447,135803,141533,0
1448,3614,51687,0
1449,105717,144361,0
1450,139006,146030,0
1451,143470,81121,0
1452,101771,28394,0
1453,52653,119471,0
1454,57137,90318,0
1455,148370,22707,0
1456,55705,137054,0
1457,30560,28088,0
1458,49746,137803,0
1459,7601,52990,0
1460,37858,127040,0
1461,7439,120504,0
1462,320,125118,0
1463,535,134755,0
1464,114775,25947,0
1465,46654,52477,0
1466,21256,84381,0
1467,18768,149825,0
1468,79817,58679,0
1469,115512,57562,0
1470,6051,23480,0
1471,29554,47420,0
1472,34729,83955,0
1473,125726,79114,0
1474,34359,124678,0
1475,77205,24007,0
1476,150145,140008,0
1477,61910,101074,0
1478,92331,91519,0
1479,33803,143919,0
1480,96212,86532,0
1481,12198,69060,0
1482,25758,3770,0
1483,10133,122635,0
1484,142313,152785,0
1485,51187,940,0
1486,89544,100240,0
1487,137197,89128,0
1488,6768,118353,0
1489,95234,110140,0
1490,130862,93159,0
1491,103869,80429,0
1492,102192,120296,0
1493,121273,102271,0
1494,79978,1644,0
1495,146360,97019,0
1496,22617,29290,0
1497,72060,91927,0
1498,58196,150470,0
1499,91825,118091,0
1500,115969,97892,0
1501,126339,154851,0
1502,138139,18181,0
1503,32486,102683,0
1504,29171,360,0
1505,26883,95179,0
1506,66096,74718,0
1507,124142,69552,0
1508,153171,59813,0
1509,7706,94774,0
1510,10348,38935,0
1511,113689,14876,0
1512,84637,42103,0
1513,97794,63689,0
1514,93936,58668,0
1515,51464,38238,0
1516,20435,133183,0
1517,151487,66286,0
1518,153338,32958,0
1519,13675,148887,0
1520,81047,39004,0
1521,108035,148572,0
1522,43310,84372,0
1523,16213,1085,0
1524,148727,75173,0
1525,95250,62267,0
1526,29535,119500,0
1527,125672,91866,0
1528,124098,132429,0
1529,35060,128735,0
1530,41557,13678,0
1531,33572,126014,0
1532,58814,64260,0
1533,73513,102787,0
1534,88431,79661,0
1535,2491,140833,0
1536,69790,54997,0
1537,49945,112649,0
1538,36940,32893,0
1539,147768,97583,0
1540,54156,101503,0
1541,139681,111063,0
1542,139306,56978,0
1543,36127,46955,0
1544,87977,115561,0
1545,55934,108219,0
1546,93458,99644,0
1547,7482,147606,0
1548,26326,134214,0
1549,32251,3641,0
1550,33969,130055,0
1551,108805,155053,0
1552,53550,149194,0
1553,62687,35108,0
1554,95974,81914,0
1555,2494,90520,0
1556,37794,147376,0
1557,28364,16775,0
1558,121461,49266,0
1559,35762,1219,0
1560,144421,81025,0
1561,132513,122942,0
1562,154358,86831,0
1563,109444,41427,0
1564,74569,70736,0
1565,4863,22640,0
1566,101966,68319,0
1567,59671,33903,0
1568,98397,1814,0
1569,128190,128986,0
1570,20808,103217,0
1571,71915,743,0
1572,39592,88089,0
1573,1390,101118,0
1574,124447,2310,0
1575,25046,58656,0
1576,76925,42655,0
1577,150819,137358,0
1578,115417,89153,0
1579,109312,132172,0
1580,150677,34521,0
1581,52420,144733,0
1582,100561,97239,0
1583,80436,43297,0
1584,943,39279,0
1585,60129,117091,0
1586,12664,47977,0
1587,131943,86688,0
1588,45046,59110,0
1589,65486,10301,0
1590,41443,29353,0
1591,117544,41870,0
1592,149282,8824,0
1593,132074,50303,0
1594,738,134030,0
1595,44960,24269,0
1596,23999,54049,0
1597,119439,59452,0
1598,84549,4747,0
1599,144371,67683,0
1600,73504,51734,0
1601,88561,75403,0
1602,95509,36142,0
1603,63851,98273,0
1604,132362,27953,0
1605,2391,43056,0
1606,110025,9465,0
1607,61825,124238,0
1608,150769,110635,0
1609,15118,68313,0
1610,90194,44909,0
1611,65666,140230,0
1612,4624,148375,0
1613,141381,88069,0
1614,112429,125635,0
1615,112905,62109,0
1616,19353,34529,0
1617,139000,90675,0
1618,106363,45494,0
1619,118458,104186,0
1620,84034,48842,0
1621,90919,7980,0
1622,114178,54764,0
1623,7087,108843,0
1624,133908,142232,0
1625,154553,102594,0
1626,107933,14188,0
1627,153756,48063,0
1628,59754,152315,0
1629,15409,110830,0
1630,44953,98400,0
1631,64481,51589,0
1632,85576,89061,0
1633,23014,13936,0
1634,22246,97939,0
1635,60428,17472,0
1636,27834,79597,0
1637,19294,73004,0
1638,132733,154675,0
1639,15501,113960,0
1640,120360,81440,0
1641,2704,126780,0
1642,61687,24287,0
1643,89296,6481,0
1644,122276,91287,0
1645,30731,79150,0
1646,80471,89696,0
1647,41276,65037,0
1648,137186,79443,0
1649,62360,122288,0
1650,107433,12050,0
1651,15154,125715,0
1652,58643,109654,0
1653,115302,119022,0
1654,85475,127010,0
1655,29180,103423,0
1656,142630,10213,0
1657,66183,127814,0
1658,148433,26092,0
1659,80972,92847,0
1660,114240,2324,0
1661,128811,66309,0
1662,94681,79643,0
1663,85377,92881,0
1664,49640,91042,0
1665,93937,125914,0
1666,91404,93802,0
1667,143678,1460,0
1668,121219,45303,0
1669,147271,16855,0
1670,147067,85023,0
1671,51979,109588,0
1672,19368,22622,0
1673,76694,4590,0
1674,105448,110234,0
1675,36001,29065,0
1676,147884,122879,0
1677,129514,30634,0
1678,34799,152078,0
1679,153409,132011,0
1680,14526,70787,0
1681,79121,3604,0
1682,118811,102845,0
1683,89466,151222,0
1684,140842,81993,0
1685,38112,19470,0
1686,8315,52567,0
1687,18604,154005,0
1688,141969,28181,0
1689,129347,53165,0
1690,83225,35888,0
1691,125615,143430,0
1692,99376,146396,0
1693,55044,63788,0
1694,26814,122874,0
1695,46121,15531,0
1696,133446,66503,0
1697,116139,135290,0
1698,98153,43641,0
1699,56109,69507,0
1700,44768,10360,0
1701,135129,100799,0
1702,101507,26242,0
1703,89277,7052,0
1704,118935,107300,0
1705,32296,43986,0
1706,134726,154714,0
1707,101185,118041,0
1708,124071,82899,0
1709,91222,97528,0
1710,115938,14854,0
1711,40882,30958,0
1712,130861,98303,0
1713,149226,99623,0
1714,41122,143480,0
1715,28655,67320,0
1716,87383,41082,0
1717,131344,62626,0
1718,62019,113985,0
1719,28483,29128,0
1720,90808,68583,0
1721,140546,111947,0
1722,81536,98571,0
1723,154527,35740,0
1724,68422,37107,0
1725,109058,5485,0
1726,139750,153935,0
1727,97683,105450,0
1728,85676,100366,0
1729,65291,52039,0
1730,90505,151163,0
1731,154984,2002,0
1732,50663,71629,0
1733,104843,141937,0
1734,128304,146463,0
1735,75047,44832,0
1736,150179,25556,0
1737,63558,39535,0
1738,76045,53082,0
1739,116850,118992,0
1740,133936,31425,0
1741,52504,82325,0
1742,61465,6319,0
1743,58919,108833,0
1744,102214,23378,0
1745,152197,113141,0
1746,37822,64125,0
1747,35227,75489,0
1748,56949,38849,0
1749,104773,75925,0
1750,132107,14778,0
1751,69992,142159,0
1752,112690,64550,0
1753,89298,95881,0
1754,4879,53647,0
1755,12021,19470,0
1756,131261,90746,0
1757,146425,92982,0
1758,57454,10921,0
1759,118695,16278,0
1760,122154,144057,0
1761,110544,52186,0
1762,98646,112357,0
1763,146855,147743,0
1764,35117,69760,0
1765,110841,138104,0
1766,103002,109038,0
1767,56541,46276,0
1768,93453,82629,0
1769,68579,12277,0
1770,104286,102978,0
1771,131720,71759,0
1772,65804,16777,0
1773,19081,126085,0
1774,76414,46581,0
1775,118133,81003,0
1776,132727,148793,0
1777,108830,97439,0
1778,150348,125790,0
1779,12884,86546,0
1780,78707,4924,0
1781,128455,108216,0
1782,140654,11664,0
1783,49257,82716,0
1784,135497,62381,0
1785,18424,31830,0
1786,61083,67490,0
1787,112939,37283,0
1788,51021,62535,0
1789,11322,109364,0
1790,73386,148786,0
1791,8694,149036,0
1792,45896,154575,0
1793,2630,148112,0
1794,95526,14635,0
1795,9750,109967,0
1796,36114,9919,0
1797,91600,116625,0
1798,140009,17852,0
1799,111264,71323,0
1800,112988,106357,0
1801,21446,151655,0
1802,70028,52891,0
1803,58436,144834,0
1804,68693,134463,0
1805,3161,125505,0
1806,41237,140301,0
1807,7133,118756,0
1808,12449,125176,0
1809,30493,139388,0
1810,10425,23530,0
1811,17,8166,0
1812,37541,70782,0
1813,84515,78395,0
1814,145393,19272,0
1815,91159,119081,0
1816,7188,84193,0
1817,34087,37694,0
1818,57866,4598,0
1819,153591,17457,0
1820,9912,24521,0
1821,141949,95403,0
1822,20129,111912,0
1823,133916,15210,0
1824,67160,147991,0
1825,23148,49070,0
1826,76415,22735,0
1827,120518,76800,0
1828,116974,137672,0
1829,34544,146875,0
1830,82200,142300,0
1831,10926,2610,0
1832,64690,87810,0
1833,18182,130376,0
1834,93999,60573,0
1835,96508,107451,0
1836,63727,58730,0
1837,8245,7036,0
1838,30338,89525,0
1839,41630,90812,0
1840,87301,125395,0
1841,93476,111059,0
1842,112120,93677,0
1843,154892,94139,0
1844,115023,69015,0
1845,53004,94270,0
1846,7581,76232,0
1847,125509,84360,0
1848,41018,114544,0
1849,369,146978,0
1850,28030,33206,0
1851,11071,53700,0
1852,61969,60346,0
1853,149060,72911,0
1854,144201,107608,0
1855,153951,31049,0
1856,143713,56423,0
1857,67388,107347,0
1858,144917,43748,0
1859,47009,32609,0
1860,6133,114560,0
1861,18150,123816,0
1862,154125,56502,0
1863,133342,152786,0
1864,21227,59633,0
1865,139355,107205,0
1866,100413,73958,0
1867,147462,81007,0
1868,37737,129315,0
1869,93849,92216,0
1870,147674,7606,0
1871,129652,61707,0
1872,40554,15782,0
1873,53948,151681,0
1874,47993,114213,0
1875,134479,130223,0
1876,44635,153243,0
1877,99681,133479,0
1878,99465,104531,0
1879,71079,100492,0
1880,101773,65481,0
1881,113174,4283,0
1882,104113,123771,0
1883,96816,7606,0
1884,78939,64008,0
1885,23816,41967,0
1886,97518,37443,0
1887,146330,118750,0
1888,84509,7477,0
1889,43148,119869,0
1890,29801,95392,0
1891,49712,115634,0
1892,96727,97202,0
1893,112012,62287,0
1894,63647,137268,0
1895,83158,138119,0
1896,45422,22644,0
1897,131860,148761,0
1898,47950,76338,0
1899,106297,20739,0
1900,68221,47402,0
1901,71725,104848,0
1902,146330,86085,0
1903,15150,149223,0
1904,42219,49861,0
1905,57626,130059,0
1906,122760,82703,0
1907,42809,108987,0
1908,146497,63113,0
1909,27402,151729,0
1910,44586,105241,0
1911,124226,71696,0
1912,19949,97894,0
1913,112283,56054,0
1914,34404,61528,0
1915,19348,17709,0
1916,21976,54135,0
1917,82571,50660,0
1918,129430,102786,0
1919,13348,60156,0
1920,108644,35318,0
1921,144519,86148,0
1922,122228,7993,0
1923,49749,137303,0
1924,39098,48946,0
1925,96500,139650,0
1926,132154,99817,0
1927,89667,32818,0
1928,91988,51655,0
1929,90756,122605,0
1930,20903,77913,0
1931,109522,145721,0
1932,37348,36435,0
1933,125894,112972,0
1934,89167,42306,0
1935,132240,56593,0
1936,129185,154594,0
1937,94559,83076,0
1938,27615,34899,0
1939,126023,129652,0
1940,117354,3680,0
1941,7488,120532,0
1942,39123,48092,0
1943,31161,148959,0
1944,152474,132523,0
1945,3463,8486,0
1946,9180,54515,0
1947,65377,4494,0
1948,65478,48769,0
1949,35255,95019,0
1950,17892,14417,0
1951,42613,32192,0
1952,89535,130307,0
1953,40024,129576,0
1954,119277,105105,0
1955,81138,148891,0
1956,129595,154064,0
1957,107198,49010,0
1958,12031,100006,0
1959,143546,106666,0
1960,90436,116999,0
1961,93290,15757,0
1962,44816,122763,0
1963,151774,150586,0
1964,15351,44486,0
1965,51471,136261,0
1966,141669,56105,0
1967,62307,66852,0
1968,148605,55406,0
1969,39904,144122,0
1970,6111,15442,0
1971,51980,119881,0
1972,141294,116996,0
1973,128284,79763,0
1974,56515,67464,0
1975,78480,64422,0
1976,135141,46182,0
1977,95786,17035,0
1978,18880,13952,0
1979,99407,72259,0
1980,11746,144909,0
1981,106689,84419,0
1982,137516,30742,0
1983,25046,23718,0
1984,36171,86677,0
1985,28624,121172,0
1986,113308,140970,0
1987,141033,114122,0
1988,90025,94083,0
1989,1472,89168,0
1990,44347,132696,0
1991,128965,88934,0
1992,136839,125392,0
1993,53589,19946,0
1994,121076,108362,0
1995,68070,112566,0
1996,66643,134015,0
1997,131784,117064,0
1998,121907,138253,0
1999,53494,25496,0
2000,89507,65337,0
2001,39895,28384,0
2002,75868,102045,0
2003,107705,11050,0
2004,107831,31070,0
2005,113992,142223,0
2006,52375,36696,0
2007,54604,103407,0
2008,124452,106341,0
2009,109537,154127,0
2010,4762,104211,0
2011,78497,65231,0
2012,41517,42287,0
2013,21578,128060,0
2014,45635,151124,0
2015,49480,95038,0
2016,93951,125828,0
2017,74782,83506,0
2018,77790,93887,0
2019,73123,121871,0
2020,96094,69954,0
2021,59796,115918,0
2022,54701,69682,0
2023,27004,74606,0
2024,122757,129081,0
2025,83717,34373,0
2026,134036,17387,0
2027,155199,14322,0
2028,17270,123398,0
2029,99876,115348,0
2030,134299,55066,0
2031,147118,31798,0
2032,88146,67581,0
2033,136417,106059,0
2034,20479,145825,0
2035,95873,112197,0
2036,24741,54530,0
2037,76803,90183,0
2038,83722,48709,0
2039,134988,42335,0
2040,135740,47560,0
2041,130901,85289,0
2042,89211,64188,0
2043,131367,76077,0
2044,78936,143513,0
2045,106383,55903,0
2046,143584,5566,0
2047,120626,26549,0
2048,58054,213,0
2049,2894,90528,0
2050,83773,153170,0
2051,110483,38107,0
2052,100892,14005,0
2053,93641,74218,0
2054,30619,121506,0
2055,69983,111751,0
2056,71770,107873,0
2057,110347,151938,0
2058,141323,100221,0
2059,78943,128461,0
2060,121116,136826,0
2061,42720,83759,0
2062,123599,3156,0
2063,77795,1603,0
2064,18016,87376,0
2065,57284,125536,0
2066,23999,65359,0
2067,130951,86270,0
2068,60428,62418,0
2069,47306,53823,0
2070,138069,99938,0
2071,69281,149295,0
2072,27266,94028,0
2073,44316,38110,0
2074,47305,8974,0
2075,109076,75232,0
2076,57169,114623,0
2077,117185,121645,0
2078,87620,82699,0
2079,4849,37636,0
2080,14251,142382,0
2081,109391,47529,0
2082,137,21028,0
2083,44621,42380,0
2084,104203,26333,0
2085,39814,132985,0
2086,143666,44682,0
2087,149261,117115,0
2088,136795,123240,0
2089,340,124438,0
2090,127961,31189,0
2091,94160,52546,0
2092,148942,147702,0
2093,37565,127933,0
2094,132370,112383,0
2095,127257,73664,0
2096,69793,66717,0
2097,21934,91105,0
2098,16956,87302,0
2099,64600,41296,0
2100,129160,97808,0
2101,41032,128160,0
2102,94324,76005,0
2103,145196,134995,0
2104,38147,1389,0
2105,17270,25883,0
2106,40701,74430,0
2107,91587,83751,0
2108,79557,135783,0
2109,149412,119645,0
2110,148472,83441,0
2111,68809,122550,0
2112,6350,23658,0
2113,135975,62652,0
2114,63213,50076,0
2115,64636,59559,0
2116,125788,91051,0
2117,94606,23703,0
2118,133693,129976,0
2119,147873,95493,0
2120,67676,75280,0
2121,126323,69647,0
2122,122299,133598,0
2123,36346,68316,0
2124,146505,67785,0
2125,21446,83652,0
2126,120429,92993,0
2127,27043,142954,0
2128,6847,153773,0
2129,59946,88815,0
2130,75198,65574,0
2131,150553,146222,0
2132,57260,1281,0
2133,6172,101435,0
2134,55401,73065,0
2135,66094,58543,0
2136,116823,149209,0
2137,130611,88843,0
2138,84875,11052,0
2139,100075,135278,0
2140,46170,154076,0
2141,102370,91131,0
2142,11115,7400,0
2143,74535,6117,0
2144,66988,132764,0
2145,81595,27280,0
2146,132437,21561,0
2147,138149,29211,0
2148,145325,133021,0
2149,76569,85260,0
2150,45917,51424,0
2151,47195,62595,0
2152,117321,128428,0
2153,36462,122455,0
2154,144865,126651,0
2155,96353,143158,0
2156,25781,7667,0
2157,6553,67298,0
2158,16783,92557,0
2159,64068,17447,0
2160,8267,91906,0
2161,42479,28955,0
2162,99960,117346,0
2163,139704,106565,0
2164,132088,100301,0
2165,81905,7458,0
2166,52283,63484,0
2167,57982,153892,0
2168,137673,22350,0
2169,6947,116034,0
2170,138581,78826,0
2171,77465,111029,0
2172,146247,41890,0
2173,129120,109393,0
2174,154632,140711,0
2175,95915,73370,0
2176,73896,20678,0
2177,37048,42343,0
2178,127520,95633,0
2179,11399,68283,0
2180,149567,54329,0
2181,130526,24689,0
2182,56077,141748,0
2183,18016,62757,0
2184,40334,63360,0
2185,74315,37393,0
2186,15409,17983,0
2187,149374,51417,0
2188,51206,102167,0
2189,48028,106328,0
2190,84038,147122,0
2191,34297,67336,0
2192,128090,145612,0
2193,153489,139446,0
2194,13216,12923,0
2195,95794,73258,0
2196,39246,28886,0
2197,103292,17497,0
2198,91259,117162,0
2199,55078,113341,0
2200,89224,107877,0
2201,24674,154795,0
2202,39360,70210,0
2203,124061,122486,0
2204,91582,86998,0
2205,70783,135242,0
2206,8692,13962,0
2207,12913,128986,0
2208,134657,154439,0
2209,104652,134015,0
2210,78435,4562,0
2211,77326,92797,0
2212,66616,65797,0
2213,23485,8748,0
2214,26875,71149,0
2215,150925,36129,0
2216,98697,77722,0
2217,127693,93200,0
2218,81282,28008,0
2219,134186,101673,0
2220,38364,20631,0
2221,17639,90433,0
2222,14669,82210,0
2223,123481,139987,0
2224,118055,57784,0
2225,25449,120805,0
2226,47803,5894,0
2227,25738,4640,0
2228,14155,109623,0
2229,89532,120861,0
2230,95934,114937,0
2231,128556,46901,0
2232,42251,128073,0
2233,154542,23758,0
2234,115641,139289,0
2235,74118,125023,0
2236,182,29959,0
2237,100076,107381,0
2238,82098,26018,0
2239,33389,145748,0
2240,98103,3361,0
2241,35985,61974,0
2242,15132,42744,0
2243,153542,138832,0
2244,13144,1977,0
2245,106791,39276,0
2246,45473,92925,0
2247,72926,84399,0
2248,29448,115952,0
2249,115400,146236,0
2250,96271,11079,0
2251,93852,25833,0
2252,29777,58683,0
2253,85422,136921,0
2254,82224,38693,0
2255,154981,32392,0
2256,46968,27564,0
2257,67163,142695,0
2258,109613,95739,0
2259,74472,45966,0
2260,57389,71016,0
2261,79286,111491,0
2262,2269,84730,0
2263,32441,56150,0
2264,81938,116250,0
2265,100562,145022,0
2266,66918,15391,0
2267,14515,73279,0
2268,151293,1640,0
2269,101462,14997,0
2270,46955,64649,0
2271,142910,52645,0
2272,154922,117610,0
2273,71204,45380,0
2274,66946,89527,0
2275,136356,2620,0
2276,67369,9077,0
2277,84579,136871,0
2278,112171,5704,0
2279,32824,109304,0
2280,44700,36594,0
2281,43903,100869,0
2282,152266,132704,0
2283,49947,80246,0
2284,58435,106078,0
2285,83216,79867,0
2286,47393,21047,0
2287,154984,8367,0
2288,149045,107734,0
2289,96832,46314,0
2290,126302,38803,0
2291,8121,2593,0
2292,40249,42908,0
2293,87577,117026,0
2294,155041,141212,0
2295,38864,48251,0
2296,81462,1099,0
2297,42819,147112,0
2298,65889,18596,0
2299,61948,49885,0
2300,142081,26414,0
2301,93475,44652,0
2302,111983,23509,0
2303,138380,46056,0
2304,51346,110951,0
2305,25982,120955,0
2306,154762,18782,0
2307,77029,55545,0
2308,115343,13030,0
2309,8196,18004,0
2310,77305,78790,0
2311,30974,99814,0
2312,37525,135400,0
2313,89390,32832,0
2314,136263,21873,0
2315,142345,144461,0
2316,120014,111294,0
2317,111249,19428,0
2318,66889,113955,0
2319,127887,19711,0
2320,50297,65735,0
2321,8260,81176,0
2322,112120,42694,0
2323,49348,984,0
2324,142114,62922,0
2325,114627,91823,0
2326,30320,138730,0
2327,29596,62481,0
2328,94347,103167,0
2329,74066,105547,0
2330,8612,70284,0
2331,40529,66890,0
2332,28971,7661,0
2333,64596,95350,0
2334,40878,45445,0
2335,9910,60036,0
2336,68376,103807,0
2337,2678,71813,0
2338,118392,70918,0
2339,105307,48257,0
2340,28819,75222,0
2341,136970,28435,0
2342,32711,69997,0
2343,73406,112982,0
2344,118954,30801,0
2345,94453,59336,0
2346,9400,84309,0
2347,38938,80528,0
2348,7238,17176,0
2349,97410,31045,0
2350,16139,123290,0
2351,32955,33482,0
2352,138596,123649,0
2353,25390,114535,0
2354,625,90920,0
2355,66313,1440,0
2356,141831,2746,0
2357,355,29004,0
2358,138681,129165,0
2359,119405,101820,0
2360,153050,96864,0
2361,41398,113046,0
2362,111159,141102,0
2363,17808,99144,0
2364,82407,85149,0
2365,56148,70070,0
2366,96230,26565,0
2367,44449,48496,0
2368,67161,39847,0
2369,98135,436,0
2370,64811,126044,0
2371,3583,77336,0
2372,92849,114489,0
2373,127084,115393,0
2374,112740,46862,0
2375,64289,128752,0
2376,2277,127538,0
2377,144059,16924,0
2378,102712,60637,0
2379,100847,123553,0
2380,106697,88991,0
2381,105355,93834,0
2382,103969,10923,0
2383,51310,39225,0
2384,124337,8747,0
2385,56358,80347,0
2386,344,27076,0
2387,28383,21637,0
2388,145759,106110,0
2389,9986,15401,0
2390,133576,57415,0
2391,112540,18125,0
2392,4517,35587,0
2393,98894,114489,0
2394,18725,69481,0
2395,148577,122222,0
2396,69448,23458,0
2397,100662,1505,0
2398,114300,12609,0
2399,143216,115217,0
2400,63141,48808,0
2401,84853,110336,0
2402,88776,153176,0
2403,74182,121394,0
2404,16199,48427,0
2405,63659,37585,0
2406,84083,46705,0
2407,64016,140913,0
2408,138846,25969,0
2409,21125,49780,0
2410,64600,209,0
2411,59009,140115,0
2412,58931,110627,0
2413,34944,8788,0
2414,110757,101840,0
2415,13048,65180,0
2416,124469,98631,0
2417,133295,42035,0
2418,136538,106633,0
2419,142129,118414,0
2420,111331,106116,0
2421,98599,100468,0
2422,105104,69886,0
2423,76398,44377,0
2424,72285,47652,0
2425,35582,88695,0
2426,60414,135034,0
2427,151462,33886,0
2428,108194,50584,0
2429,33863,47452,0
2430,67771,88009,0
2431,58054,99695,0
2432,591,53280,0
2433,68178,65679,0
2434,116554,55024,0
2435,20233,14884,0
2436,4218,83362,0
2437,27365,136163,0
2438,61079,35933,0
2439,52771,132497,0
2440,145282,126942,0
2441,29295,31318,0
2442,134256,55607,0
2443,88598,89891,0
2444,102913,147827,0
2445,96618,30700,0
2446,10357,20558,0
2447,3310,131719,0
2448,66325,44244,0
2449,71350,52778,0
2450,105255,5087,0
2451,97971,131488,0
2452,31236,55303,0
2453,86730,71024,0
2454,98389,85381,0
2455,92045,38816,0
2456,6099,134743,0
2457,121853,135095,0
2458,129462,39873,0
2459,30308,26370,0
2460,27323,25586,0
2461,34912,86348,0
2462,13328,2002,0
2463,27170,104864,0
2464,100980,122264,0
2465,61715,5287,0
2466,127417,83520,0
2467,45345,130433,0
2468,143365,74819,0
2469,57210,112700,0
2470,48650,125463,0
2471,17599,19130,0
2472,139710,121054,0
2473,142327,134159,0
2474,82482,61765,0
2475,101348,115493,0
2476,80819,66018,0
2477,18877,128458,0
2478,73163,33479,0
2479,90050,12580,0
2480,105592,116110,0
2481,137355,32053,0
2482,83920,23242,0
2483,116946,104351,0
2484,17106,37945,0
2485,6783,93794,0
2486,6910,106135,0
2487,24576,55340,0
2488,92719,75396,0
2489,84830,96131,0
2490,74503,19004,0
2491,83867,137709,0
2492,144944,30904,0
2493,17993,152526,0
2494,53135,39423,0
2495,131274,64863,0
2496,102465,48653,0
2497,144342,66713,0
2498,103078,106927,0
2499,20347,101388,0
2500,3684,131827,0
2501,79848,89126,0
2502,92152,30406,0
2503,133675,58820,0
2504,121751,45511,0
2505,91410,40675,0
2506,102166,151283,0
2507,52740,98480,0
2508,115670,90045,0
2509,133157,62663,0
2510,140585,78254,0
2511,17674,84333,0
2512,27772,72777,0
2513,55135,115916,0
2514,8905,39606,0
2515,122885,45931,0
2516,145201,68662,0
2517,260,138148,0
2518,112724,23781,0
2519,75926,128295,0
2520,103979,134082,0
2521,139502,66110,0
2522,121702,77981,0
2523,92156,57610,0
2524,126991,84803,0
2525,83091,19793,0
2526,96145,60304,0
2527,55194,88901,0
2528,119131,39171,0
2529,116917,120193,0
2530,89345,146935,0
2531,68993,91495,0
2532,154717,63717,0
2533,144922,49650,0
2534,89508,94431,0
2535,101347,56484,0
2536,150297,85139,0
2537,66447,127560,0
2538,26875,3456,0
2539,147942,29209,0
2540,128676,147957,0
2541,112425,97161,0
2542,48789,104207,0
2543,69578,68480,0
2544,59834,108827,0
2545,126527,109637,0
2546,22119,132764,0
2547,142401,151855,0
2548,21957,154580,0
2549,96271,125000,0
2550,89731,8219,0
2551,44705,149837,0
2552,142863,99082,0
2553,81141,4521,0
2554,60566,150111,0
2555,152919,95731,0
2556,87572,1979,0
2557,54772,141365,0
2558,87474,142769,0
2559,27098,89570,0
2560,135852,118129,0
2561,11742,84387,0
2562,107952,88215,0
2563,54255,130576,0
2564,90919,23978,0
2565,87179,109265,0
2566,38415,79313,0
2567,105717,138372,0
2568,84108,74656,0
2569,550,110766,0
2570,27392,143287,0
2571,18601,133737,0
2572,104014,119615,0
2573,116043,25279,0
2574,117901,30281,0
2575,100951,67895,0
2576,10358,39223,0
2577,102924,151365,0
2578,67416,23859,0
2579,9761,90113,0
2580,124132,130,0
2581,92910,115890,0
2582,38963,50214,0
2583,104364,59873,0
2584,22619,35607,0
2585,127360,125793,0
2586,116956,116720,0
2587,68171,99964,0
2588,99901,53289,0
2589,97322,95352,0
2590,144381,148455,0
2591,119639,11219,0
2592,97814,36030,0
2593,124159,90816,0
2594,28574,82198,0
2595,69306,10456,0
2596,69732,47314,0
2597,26732,74662,0
2598,35436,106774,0
2599,129852,8288,0
2600,124781,21186,0
2601,154835,108713,0
2602,128989,35429,0
2603,132175,77383,0
2604,136123,82436,0
2605,143269,24417,0
2606,46812,80887,0
2607,153282,29109,0
2608,4595,146881,0
2609,39872,106420,0
2610,52837,1132,0
2611,3582,46650,0
2612,94758,51301,0
2613,28897,1670,0
2614,66159,31561,0
2615,22703,126457,0
2616,114069,137813,0
2617,41276,48037,0
2618,114107,146398,0
2619,29162,147276,0
2620,3110,4802,0
2621,143544,151755,0
2622,74923,73384,0
2623,146826,22302,0
2624,99140,109078,0
2625,74221,66102,0
2626,62218,110397,0
2627,65291,102402,0
2628,52027,81016,0
2629,89336,103694,0
2630,15068,73945,0
2631,16570,8553,0
2632,64322,2003,0
2633,67627,91745,0
2634,87811,114881,0
2635,28484,42817,0
2636,109715,97237,0
2637,129559,18663,0
2638,102364,46738,0
2639,77582,41179,0
2640,77063,62660,0
2641,63579,57898,0
2642,98907,121160,0
2643,44029,36927,0
2644,93660,147970,0
2645,35494,148263,0
2646,76069,57441,0
2647,74386,113596,0
2648,11577,16609,0
2649,80517,737,0
2650,121154,62954,0
2651,92168,6114,0
2652,11911,39725,0
2653,78901,133432,0
2654,92558,131915,0
2655,36296,35605,0
2656,13944,34187,0
2657,115251,85502,0
2658,78665,23835,0
2659,49443,133903,0
2660,130258,88115,0
2661,116121,20798,0
2662,124891,47977,0
2663,129639,40031,0
2664,89251,153363,0
2665,60555,147928,0
2666,115964,133491,0
2667,79533,61256,0
2668,64380,37713,0
2669,57151,64775,0
2670,21569,147761,0
2671,106124,34309,0
2672,44479,24097,0
2673,82344,68508,0
2674,93345,30347,0
2675,87801,1316,0
2676,127289,92200,0
2677,6448,86830,0
2678,38196,34891,0
2679,84996,118068,0
2680,29572,105558,0
2681,105371,14480,0
2682,118642,40474,0
2683,1861,62533,0
2684,94911,152999,0
2685,29897,93750,0
2686,126983,60694,0
2687,112567,52904,0
2688,5903,38910,0
2689,12499,16220,0
2690,69889,99288,0
2691,120621,77806,0
2692,134449,46942,0
2693,114960,146090,0
2694,904,138258,0
2695,117624,86402,0
2696,30952,101410,0
2697,99437,103597,0
2698,70193,3601,0
2699,45429,5702,0
2700,121713,123986,0
2701,68243,76860,0
2702,7786,27399,0
2703,104201,80410,0
2704,36113,134214,0
2705,22033,143491,0
2706,97432,86558,0
2707,28971,2690,0
2708,85579,133074,0
2709,54128,119258,0
2710,77795,40255,0
2711,145466,23119,0
2712,28389,126947,0
2713,149719,99432,0
2714,94543,154333,0
2715,103354,107010,0
2716,37545,77485,0
2717,128391,10873,0
2718,21576,148641,0
2719,55777,86690,0
2720,85849,23690,0
2721,150463,115525,0
2722,35234,31530,0
2723,73908,107353,0
2724,128875,57938,0
2725,117351,77842,0
2726,6739,122057,0
2727,154306,12990,0
2728,77754,20957,0
2729,77563,113367,0
2730,44606,16301,0
2731,107825,102824,0
2732,119091,130677,0
2733,127587,22272,0
2734,96226,61764,0
2735,92732,981,0
2736,6829,129470,0
2737,78629,120547,0
2738,20371,8086,0
2739,52161,70948,0
2740,140293,104976,0
2741,82791,96218,0
2742,106007,736,0
2743,124232,49143,0
2744,137066,72155,0
2745,14572,31301,0
2746,55396,82009,0
2747,29036,100787,0
2748,154853,43171,0
2749,80544,150421,0
2750,89224,151386,0
2751,105893,30030,0
2752,48228,50834,0
2753,50036,150635,0
2754,141613,86571,0
2755,105582,12478,0
2756,12748,11514,0
2757,61619,97483,0
2758,109901,101501,0
2759,102569,124988,0
2760,50167,59625,0
2761,139192,143357,0
2762,136242,99518,0
2763,87592,36988,0
2764,79295,82102,0
2765,100381,94353,0
2766,117253,68844,0
2767,86781,87562,0
2768,67629,7811,0
2769,84795,95422,0
2770,124271,142942,0
2771,146304,123793,0
2772,114922,86014,0
2773,65033,149118,0
2774,128510,143607,0
2775,25265,112476,0
2776,82803,14632,0
2777,3977,148514,0
2778,136517,34862,0
2779,97318,39087,0
2780,106334,108396,0
2781,127654,59421,0
2782,90017,28094,0
2783,4631,1129,0
2784,13830,82966,0
2785,49115,7410,0
2786,20,133586,0
2787,154729,65272,0
2788,5624,123542,0
2789,91677,145166,0
2790,24075,148966,0
2791,120745,18105,0
2792,128361,94702,0
2793,69628,142127,0
2794,73792,149540,0
2795,147361,110588,0
2796,35637,155103,0
2797,65572,79150,0
2798,107504,76202,0
2799,65588,104288,0
2800,123133,64642,0
2801,81157,37773,0
2802,150801,60417,0
2803,113453,94877,0
2804,31665,82553,0
2805,152106,32386,0
2806,38342,151480,0
2807,82550,4151,0
2808,60583,62673,0
2809,18326,32267,0
2810,35733,12340,0
2811,41286,6749,0
2812,110804,84230,0
2813,13166,110775,0
2814,54669,46517,0
2815,10262,20714,0
2816,83012,72640,0
2817,60196,65032,0
2818,102302,80841,0
2819,5259,112928,0
2820,73985,18652,0
2821,118088,50627,0
2822,151418,51109,0
2823,152406,66119,0
2824,98390,150881,0
2825,25194,11796,0
2826,88831,121084,0
2827,7314,65917,0
2828,93128,80180,0
2829,73187,45588,0
2830,101438,145682,0
2831,97721,36506,0
2832,120200,35931,0
2833,114160,4380,0
2834,102534,109526,0
2835,36811,44821,0
2836,17822,82302,0
2837,85571,124062,0
2838,13307,61939,0
2839,56303,148823,0
2840,125737,81183,0
2841,95277,46043,0
2842,48844,66929,0
2843,137268,31668,0
2844,28551,105631,0
2845,46288,116218,0
2846,115309,88295,0
2847,35916,97928,0
2848,95135,104512,0
2849,95495,6891,0
2850,13273,139741,0
2851,23019,39267,0
2852,129657,125350,0
2853,71055,95964,0
2854,46558,15280,0
2855,134022,50543,0
2856,84125,154336,0
2857,130341,94367,0
2858,65980,4481,0
2859,37673,77861,0
2860,137941,96824,0
2861,48205,90773,0
2862,148665,80338,0
2863,81997,152602,0
2864,113808,29299,0
2865,118607,95707,0
2866,141168,144170,0
2867,152570,53485,0
2868,133367,89944,0
2869,44383,116096,0
2870,134989,88020,0
2871,56721,125593,0
2872,138569,94801,0
2873,69437,68799,0
2874,140398,106264,0
2875,40308,134755,0
2876,110022,17289,0
2877,119622,4888,0
2878,94503,54807,0
2879,36722,17931,0
2880,138895,116532,0
2881,111464,135093,0
2882,72332,10553,0
2883,70160,15565,0
2884,87777,8134,0
2885,131647,120570,0
2886,66666,111236,0
2887,49377,1140,0
2888,36056,51401,0
2889,31653,124384,0
2890,63168,95242,0
2891,106208,54250,0
2892,18111,119573,0
2893,50566,152290,0
2894,38282,126631,0
2895,69829,122671,0
2896,7984,91477,0
2897,86153,13676,0
2898,41639,69784,0
2899,84825,43882,0
2900,89057,124352,0
2901,59539,44129,0
2902,64650,51441,0
2903,7861,139868,0
2904,8334,77410,0
2905,111089,26997,0
2906,74455,141862,0
2907,79297,88348,0
2908,154458,1241,0
2909,87237,22962,0
2910,19823,11375,0
2911,14813,35700,0
2912,121095,83898,0
2913,65024,41337,0
2914,26734,51150,0
2915,46380,58858,0
2916,133943,66757,0
2917,45551,14442,0
2918,8702,40167,0
2919,76277,103717,0
2920,37509,56475,0
2921,88178,61740,0
2922,70494,92412,0
2923,112723,144177,0
2924,555,151249,0
2925,145599,22231,0
2926,130331,145521,0
2927,108044,86694,0
2928,114855,36878,0
2929,19283,123352,0
2930,56946,108134,0
2931,105668,98471,0
2932,103903,129507,0
2933,110984,28316,0
2934,34132,17312,0
2935,58436,109411,0
2936,120481,20628,0
2937,29296,83169,0
2938,130646,22536,0
2939,146996,87505,0
2940,1581,49273,0
2941,71414,94929,0
2942,53736,30195,0
2943,50475,11135,0
2944,126206,79987,0
2945,64052,70287,0
2946,120913,39915,0
2947,37040,17820,0
2948,128856,153709,0
2949,141685,141512,0
2950,8065,147470,0
2951,20490,142856,0
2952,43420,136890,0
2953,11770,57502,0
2954,98968,87285,0
2955,110294,21547,0
2956,127476,48514,0
2957,37317,139289,0
2958,43102,78995,0
2959,70327,62942,0
2960,88505,131966,0
2961,18786,85989,0
2962,17265,62898,0
2963,62159,124240,0
2964,126436,30795,0
2965,70494,436,0
2966,58208,86686,0
2967,57701,14025,0
2968,7398,123914,0
2969,3460,97406,0
2970,10846,62329,0
2971,68778,44622,0
2972,9677,152774,0
2973,65612,119664,0
2974,3779,9868,0
2975,28651,28437,0
2976,37845,39375,0
2977,136313,12113,0
2978,63539,150370,0
2979,81297,47945,0
2980,71844,128765,0
2981,91401,39742,0
2982,99708,133071,0
2983,75354,9213,0
2984,141423,127520,0
2985,53563,17680,0
2986,152851,92044,0
2987,22641,6038,0
2988,28693,106292,0
2989,18693,112514,0
2990,114872,109633,0
2991,76941,49846,0
2992,62362,13794,0
2993,128047,147934,0
2994,151620,1241,0
2995,93468,104435,0
2996,795,122801,0
2997,76069,101607,0
2998,100244,119041,0
2999,134211,48596,0
3000,65859,62260,0
3001,97098,121838,0
3002,20434,65165,0
3003,143361,6085,0
3004,91003,2403,0
3005,42896,40274,0
3006,82886,75722,0
3007,53353,118513,0
3008,15241,126320,0
3009,66882,100034,0
3010,71907,42943,0
3011,144129,149277,0
3012,65073,109910,0
3013,78938,125385,0
3014,109306,111527,0
3015,31290,73262,0
3016,54553,116542,0
3017,11254,141501,0
3018,90372,7000,0
3019,6367,75165,0
3020,53801,95863,0
3021,137198,68612,0
3022,28406,107068,0
3023,121945,111161,0
3024,14207,59508,0
3025,13380,82466,0
3026,135703,85072,0
3027,66160,19614,0
3028,46638,80125,0
3029,3627,83768,0
3030,112928,45663,0
3031,82866,2345,0
3032,45843,147139,0
3033,137053,87568,0
3034,53770,21705,0
3035,147752,47946,0
3036,126149,97456,0
3037,67582,64271,0
3038,32783,44720,0
3039,53709,131336,0
3040,107659,22255,0
3041,1861,148083,0
3042,8278,153153,0
3043,51541,135107,0
3044,29360,42463,0
3045,153564,37145,0
3046,4486,122447,0
3047,121966,6208,0
3048,114995,42563,0
3049,47496,140736,0
3050,137784,131106,0
3051,87173,99031,0
3052,16418,117176,0
3053,79648,32013,0
3054,11619,140437,0
3055,11302,120086,0
3056,93896,97725,0
3057,52849,28694,0
3058,30099,105347,0
3059,109751,151096,0
3060,56041,70571,0
3061,78197,20812,0
3062,106968,42612,0
3063,143754,27474,0
3064,76750,95950,0
3065,31760,87714,0
3066,103604,131253,0
3067,35126,109334,0
3068,2246,104770,0
3069,151522,31684,0
3070,80243,115498,0
3071,69459,4387,0
3072,142687,40870,0
3073,116324,123269,0
3074,4678,18994,0
3075,52058,56165,0
3076,95096,64669,0
3077,150183,85818,0
3078,74807,115783,0
3079,9803,118815,0
3080,33068,8144,0
3081,54258,88327,0
3082,11828,132762,0
3083,140581,65182,0
3084,63422,146517,0
3085,46724,154860,0
3086,17297,60704,0
3087,105777,146814,0
3088,28981,152801,0
3089,51259,131801,0
3090,40283,23130,0
3091,29887,77018,0
3092,122895,7660,0
3093,141349,104290,0
3094,86365,45241,0
3095,86096,16428,0
3096,19962,123332,0
3097,110294,89746,0
3098,76799,84686,0
3099,17100,74005,0
3100,58830,36505,0
3101,70333,134380,0
3102,3070,68156,0
3103,38305,136620,0
3104,19288,51905,0
3105,92685,61383,0
3106,10421,60752,0
3107,119866,85625,0
3108,6663,100670,0
3109,134975,116347,0
3110,22673,103628,0
3111,65631,63143,0
3112,31599,92905,0
3113,112790,103252,0
3114,39140,31022,0
3115,57631,137511,0
3116,60110,35417,0
3117,81389,62466,0
3118,65815,39932,0
3119,92438,4049,0
3120,15556,80585,0
3121,27665,49384,0
3122,38058,94770,0
3123,136514,46610,0
3124,91226,131401,0
3125,127483,115151,0
3126,80523,22887,0
3127,109006,94396,0
3128,77135,85465,0
3129,55432,63517,0
3130,108020,144093,0
3131,27654,150810,0
3132,75907,135995,0
3133,36135,36796,0
3134,146065,78496,0
3135,87932,127220,0
3136,66682,88109,0
3137,34175,140784,0
3138,126310,132491,0
3139,143609,39133,0
3140,75728,114813,0
3141,54200,97656,0
3142,144000,8144,0
3143,10268,121789,0
3144,105866,102276,0
3145,92242,48086,0
3146,113086,141509,0
3147,109873,31162,0
3148,142324,95073,0
3149,54038,92094,0
3150,10906,89185,0
3151,151289,151738,0
3152,38456,36238,0
3153,38033,14266,0
3154,38454,96505,0
3155,79260,56377,0
3156,21316,120203,0
3157,58325,83460,0
3158,113364,138200,0
3159,102801,54307,0
3160,94322,28884,0
3161,153903,100054,0
3162,79942,2164,0
3163,28660,16990,0
3164,104212,21030,0
3165,76953,135347,0
3166,132611,35982,0
3167,97373,36370,0
3168,80243,59980,0
3169,138034,77844,0
3170,10355,152284,0
3171,24795,5387,0
3172,53361,32914,0
3173,120150,32837,0
3174,152606,103824,0
3175,111905,145484,0
3176,123397,114108,0
3177,86628,1821,0
3178,17311,76465,0
3179,4660,11780,0
3180,107828,103871,0
3181,87477,45906,0
3182,33267,131127,0
3183,138519,129915,0
3184,99685,147519,0
3185,30360,8322,0
3186,91834,55773,0
3187,46113,121638,0
3188,11958,148994,0
3189,35538,52865,0
3190,141801,20813,0
3191,47126,125439,0
3192,74559,49046,0
3193,42374,67875,0
3194,10558,113181,0
3195,5288,101289,0
3196,31085,151732,0
3197,97390,24167,0
3198,30723,76022,0
3199,48018,28530,0
3200,20995,121431,0
3201,151800,145460,0
3202,101130,129193,0
3203,56618,90504,0
3204,47848,71562,0
3205,59516,33343,0
3206,55144,147539,0
3207,4165,86692,0
3208,19629,150631,0
3209,51700,89459,0
3210,6347,117197,0
3211,2849,144222,0
3212,7129,37264,0
3213,152342,32069,0
3214,1061,76616,0
3215,54105,96025,0
3216,32848,131513,0
3217,145621,105738,0
3218,47343,10662,0
3219,41453,101527,0
3220,129651,150708,0
3221,38376,127575,0
3222,87021,99078,0
3223,22259,29298,0
3224,50293,69086,0
3225,14051,116122,0
3226,13212,31354,0
3227,28397,43136,0
3228,71839,96249,0
3229,57749,129490,0
3230,145498,11304,0
3231,73824,9811,0
3232,130025,107759,0
3233,68272,67238,0
3234,120672,12854,0
3235,65352,69807,0
3236,54963,14098,0
3237,145222,147150,0
3238,108030,126799,0
3239,44311,145612,0
3240,12385,91866,0
3241,116981,22547,0
3242,139421,77274,0
3243,106819,111028,0
3244,106773,35787,0
3245,46912,6407,0
3246,87384,66979,0
3247,119463,2679,0
3248,81709,133353,0
3249,89823,26875,0
3250,97461,94967,0
3251,70774,114707,0
3252,52163,144473,0
3253,131409,12874,0
3254,154224,39870,0
3255,87275,154962,0
3256,40151,25057,0
3257,28853,125579,0
3258,39248,94039,0
3259,12877,154867,0
3260,39683,37592,0
3261,7018,28936,0
3262,40345,14194,0
3263,90375,102636,0
3264,9455,69554,0
3265,15017,140356,0
3266,59106,101354,0
3267,93563,146006,0
3268,86517,2922,0
3269,119599,141521,0
3270,78201,153238,0
3271,99226,91273,0
3272,133820,123917,0
3273,139020,3692,0
3274,33029,13477,0
3275,74543,147653,0
3276,120028,26220,0
3277,79004,77740,0
3278,127257,130165,0
3279,63819,154732,0
3280,28089,112837,0
3281,117994,5449,0
3282,48363,103619,0
3283,11407,35869,0
3284,133617,34115,0
3285,10677,8123,0
3286,138894,138623,0
3287,50374,95732,0
3288,111075,24216,0
3289,84497,89039,0
3290,53728,64688,0
3291,101206,78039,0
3292,16421,73306,0
3293,142583,121420,0
3294,5288,98461,0
3295,54461,149834,0
3296,120340,98609,0
3297,109590,56412,0
3298,130122,153424,0
3299,113925,109098,0
3300,152155,155057,0
3301,153675,72566,0
3302,60600,127564,0
3303,77622,4989,0
3304,115086,82319,0
3305,139847,149741,0
3306,68853,93683,0
3307,58208,84302,0
3308,26310,21883,0
3309,59553,137723,0
3310,126319,99514,0
3311,5554,72013,0
3312,124063,120605,0
3313,13295,23558,0
3314,87365,84426,0
3315,23374,66974,0
3316,47775,96128,0
3317,109390,45584,0
3318,86249,89206,0
3319,18738,108402,0
3320,74685,126759,0
3321,29831,78860,0
3322,79105,51449,0
3323,110732,73962,0
3324,62360,43117,0
3325,23708,68697,0
3326,28095,54624,0
3327,88406,75891,0
3328,116809,141035,0
3329,151404,43799,0
3330,51501,48876,0
3331,67575,38068,0
3332,79754,35893,0
3333,112262,57952,0
3334,39816,122027,0
3335,84130,27542,0
3336,35881,88165,0
3337,7689,144361,0
3338,22953,150731,0
3339,26266,144795,0
3340,38851,145396,0
3341,50933,23654,0
3342,119705,82397,0
3343,92778,132472,0
3344,7539,112011,0
3345,121954,73751,0
3346,92472,139503,0
3347,69564,44005,0
3348,52472,154459,0
3349,87685,150178,0
3350,88332,92733,0
3351,91313,83706,0
3352,119272,138566,0
3353,140748,66632,0
3354,68021,53784,0
3355,672,79285,0
3356,144216,43741,0
3357,88658,33004,0
3358,123294,29673,0
3359,7295,150343,0
3360,45127,39549,0
3361,138965,141172,0
3362,91116,514,0
3363,47313,38195,0
3364,136635,120678,0
3365,78977,17077,0
3366,7991,98295,0
3367,107988,111441,0
3368,109464,58349,0
3369,108637,91061,0
3370,67322,132625,0
3371,28708,50368,0
3372,96711,56301,0
3373,26655,73336,0
3374,82012,121697,0
3375,70010,134134,0
3376,48114,72727,0
3377,778,26694,0
3378,10883,97813,0
3379,74900,79625,0
3380,138958,33746,0
3381,137773,135349,0
3382,66198,143133,0
3383,130202,36369,0
3384,85318,45458,0
3385,97455,11771,0
3386,45464,35672,0
3387,74113,53189,0
3388,20752,7323,0
3389,30328,68480,0
3390,39117,99312,0
3391,109960,113052,0
3392,44587,97773,0
3393,26483,152214,0
3394,33395,41912,0
3395,11890,18175,0
3396,154434,122587,0
3397,48662,4735,0
3398,150192,29665,0
3399,100475,63516,0
3400,12803,147799,0
3401,142134,65397,0
3402,28650,124819,0
3403,118124,8287,0
3404,107445,44108,0
3405,19291,53582,0
3406,31424,122233,0
3407,44926,69596,0
3408,15574,48405,0
3409,151421,115386,0
3410,23845,66057,0
3411,95842,143115,0
3412,16820,101227,0
3413,101319,80812,0
3414,30737,74772,0
3415,58224,47164,0
3416,3691,74483,0
3417,103107,130005,0
3418,75787,124982,0
3419,23545,54293,0
3420,130426,96682,0
3421,102913,29861,0
3422,54494,66283,0
3423,87667,148540,0
3424,135470,142701,0
3425,87983,84326,0
3426,83141,82661,0
3427,30962,75496,0
3428,20321,41944,0
3429,115783,153462,0
3430,70378,71473,0
3431,129797,43237,0
3432,145308,70171,0
3433,149565,36486,0
3434,91221,28412,0
3435,91984,3121,0
3436,88173,143883,0
3437,77225,145397,0
3438,121237,110271,0
3439,111714,61621,0
3440,81402,13848,0
3441,13536,140884,0
3442,145928,6218,0
3443,88205,88483,0
3444,83981,19053,0
3445,150400,124021,0
3446,1701,103142,0
3447,12305,147675,0
3448,48570,109972,0
3449,124772,45649,0
3450,54734,147179,0
3451,72788,150058,0
3452,33819,68480,0
3453,55320,152504,0
3454,128373,98221,0
3455,4939,66662,0
3456,146749,38257,0
3457,75657,60311,0
3458,25327,123961,0
3459,100166,74218,0
3460,15238,74407,0
3461,151732,103723,0
3462,135860,43681,0
3463,138612,114150,0
3464,7022,117158,0
3465,306,27161,0
3466,87520,56599,0
3467,119415,93295,0
3468,140214,11067,0
3469,21879,13950,0
3470,38116,122371,0
3471,9369,74255,0
3472,27718,151192,0
3473,23482,95144,0
3474,88961,75594,0
3475,99094,21861,0
3476,88774,142232,0
3477,133754,117005,0
3478,6329,99825,0
3479,25558,145517,0
3480,101291,59404,0
3481,151754,106942,0
3482,50374,144264,0
3483,45673,57992,0
3484,14720,83351,0
3485,97764,75987,0
3486,62369,26045,0
3487,71143,111340,0
3488,45993,83117,0
3489,119906,32651,0
3490,85952,35581,0
3491,148557,103607,0
3492,37027,108404,0
3493,64356,129128,0
3494,102172,29057,0
3495,77589,83203,0
3496,130314,135880,0
3497,112317,53273,0
3498,83054,46254,0
3499,6102,78709,0
3500,22724,102424,0
3501,139856,13939,0
3502,2272,140165,0
3503,141349,123436,0
3504,143468,28024,0
3505,46150,125561,0
3506,3633,109619,0
3507,59334,126845,0
3508,135530,33285,0
3509,151289,4235,0
3510,128696,93165,0
3511,145699,149243,0
3512,94572,74344,0
3513,38054,102381,0
3514,122051,57641,0
3515,151317,95185,0
3516,32042,16267,0
3517,68228,43753,0
3518,145622,102375,0
3519,96721,108191,0
3520,135094,104211,0
3521,115321,50516,0
3522,10649,15210,0
3523,96276,67956,0
3524,97216,113517,0
3525,52646,133770,0
3526,152286,65667,0
3527,31951,71272,0
3528,135874,34567,0
3529,84163,142322,0
3530,103878,41670,0
3531,67951,133160,0
3532,125911,19023,0
3533,101458,60596,0
3534,91195,153021,0
3535,131301,31309,0
3536,89336,120878,0
3537,57092,15721,0
3538,129847,123165,0
3539,35349,28464,0
3540,20845,8515,0
3541,115821,148458,0
3542,43647,147209,0
3543,137894,95363,0
3544,143521,59344,0
3545,112248,120143,0
3546,16058,31711,0
3547,23224,150707,0
3548,85902,38421,0
3549,36514,41960,0
3550,1398,135212,0
3551,57633,3676,0
3552,56291,46036,0
3553,63842,89158,0
3554,24905,112920,0
3555,50351,62515,0
3556,89442,19894,0
3557,33699,89720,0
3558,132497,97722,0
3559,39913,128844,0
3560,66530,44395,0
3561,144647,60524,0
3562,147386,136001,0
3563,13624,120058,0
3564,120834,143897,0
3565,82694,149164,0
3566,83413,104329,0
3567,61553,98131,0
3568,26493,120860,0
3569,85006,132704,0
3570,140631,2212,0
3571,110,37101,0
3572,53686,38382,0
3573,134675,72949,0
3574,14464,138046,0
3575,86509,49550,0
3576,51873,97488,0
3577,20687,153101,0
3578,2287,96602,0
3579,45537,61545,0
3580,153795,83740,0
3581,12867,107759,0
3582,30565,62719,0
3583,140438,98857,0
3584,109649,148402,0
3585,141620,40169,0
3586,33149,79301,0
3587,40560,136599,0
3588,47514,96381,0
3589,66083,30211,0
3590,96879,49561,0
3591,66100,70984,0
3592,148707,81100,0
3593,5222,141621,0
3594,55503,41215,0
3595,80291,141932,0
3596,145868,126136,0
3597,143497,89350,0
3598,13658,129975,0
3599,34031,28297,0
3600,52119,134042,0
3601,78680,69063,0
3602,64284,72984,0
3603,2237,31326,0
3604,110559,74716,0
3605,40631,56999,0
3606,36930,92219,0
3607,127519,65751,0
3608,137914,31219,0
3609,111382,42480,0
3610,59603,17485,0
3611,12861,71354,0
3612,1595,24491,0
3613,123591,140961,0
3614,120898,116944,0
3615,131893,25608,0
3616,130655,138301,0
3617,39505,62094,0
3618,148119,79850,0
3619,15497,25473,0
3620,116581,72816,0
3621,41136,63831,0
3622,47323,61250,0
3623,71911,79603,0
3624,110822,27575,0
3625,134171,42514,0
3626,45023,124126,0
3627,38381,11067,0
3628,136938,49704,0
3629,140700,61983,0
3630,65463,143766,0
3631,34218,111964,0
3632,105790,92938,0
3633,108446,49924,0
3634,61676,22438,0
3635,40482,39635,0
3636,138976,22177,0
3637,281,111410,0
3638,39062,14661,0
3639,62370,15129,0
3640,101300,65097,0
3641,27230,57687,0
3642,144030,89065,0
3643,153325,62741,0
3644,20725,40374,0
3645,47405,95400,0
3646,24507,61201,0
3647,41629,84855,0
3648,10235,152280,0
3649,115159,143327,0
3650,65399,77838,0
3651,51573,4186,0
3652,40033,136988,0
3653,47916,130740,0
3654,91722,70790,0
3655,20464,54855,0
3656,62149,49294,0
3657,109194,27864,0
3658,111132,44312,0
3659,137025,74016,0
3660,150202,58926,0
3661,89521,1293,0
3662,119200,131459,0
3663,32402,141196,0
3664,42370,38512,0
3665,108843,13763,0
3666,54394,139552,0
3667,73477,51941,0
3668,126220,88954,0
3669,10519,66528,0
3670,110180,69652,0
3671,49987,65153,0
3672,59017,110536,0
3673,72591,48113,0
3674,46088,15201,0
3675,79796,5081,0
3676,95973,102688,0
3677,26660,54282,0
3678,1983,25486,0
3679,88235,139084,0
3680,120600,119919,0
3681,39845,120923,0
3682,87747,149334,0
3683,28465,117030,0
3684,47603,96915,0
3685,144352,136792,0
3686,79434,20932,0
3687,44377,136844,0
3688,10470,131416,0
3689,95294,105253,0
3690,18568,153330,0
3691,51648,112751,0
3692,144063,87907,0
3693,127897,39902,0
3694,29897,140272,0
3695,80084,149507,0
3696,60684,92708,0
3697,114207,94200,0
3698,51839,100401,0
3699,36051,12424,0
3700,82534,118004,0
3701,4496,98750,0
3702,115820,100488,0
3703,6128,83355,0
3704,33407,91683,0
3705,19267,121727,0
3706,95645,121243,0
3707,14405,99076,0
3708,155085,1285,0
3709,58630,53406,0
3710,62704,129477,0
3711,34502,57951,0
3712,69134,112140,0
3713,60855,40373,0
3714,50372,16125,0
3715,115181,81756,0
3716,70090,81729,0
3717,98364,106535,0
3718,101271,38930,0
3719,66595,63369,0
3720,10099,87636,0
3721,28823,52058,0
3722,123891,136201,0
3723,15681,74196,0
3724,135787,61813,0
3725,73234,59833,0
3726,120360,18749,0
3727,126137,56912,0
3728,72420,26515,0
3729,39523,152742,0
3730,73935,94039,0
3731,64999,92296,0
3732,127473,16810,0
3733,130946,37819,0
3734,99646,117171,0
3735,84543,80693,0
3736,34438,49713,0
3737,35998,95518,0
3738,19898,88267,0
3739,39858,85845,0
3740,123807,8258,0
3741,123046,58785,0
3742,128851,95019,0
3743,84023,56129,0
3744,98166,40319,0
3745,125430,119801,0
3746,75890,87376,0
3747,116218,886,0
3748,99465,37252,0
3749,9896,70071,0
3750,65220,115921,0
3751,70544,32517,0
3752,143819,101305,0
3753,135536,94549,0
3754,61450,63031,0
3755,126043,44792,0
3756,99682,154467,0
3757,154824,112830,0
3758,31472,58076,0
3759,74818,114926,0
3760,114221,45292,0
3761,136074,146536,0
3762,12423,42682,0
3763,88326,89998,0
3764,41628,98351,0
3765,116139,15990,0
3766,3747,70675,0
3767,127014,90648,0
3768,150436,1246,0
3769,79845,137191,0
3770,145927,121996,0
3771,101666,62671,0
3772,91478,96306,0
3773,131616,413,0
3774,99900,148897,0
3775,75993,150431,0
3776,85932,118353,0
3777,128495,35478,0
3778,88389,77274,0
3779,53006,120581,0
3780,59506,137098,0
3781,936,106331,0
3782,142492,129629,0
3783,111324,20541,0
3784,53223,115993,0
3785,131457,92456,0
3786,92414,129634,0
3787,135477,17251,0
3788,110459,86436,0
3789,81447,5384,0
3790,128676,58679,0
3791,5971,119088,0
3792,131462,142667,0
3793,21983,115127,0
3794,51661,49252,0
3795,122467,34759,0
3796,22801,23939,0
3797,147643,23368,0
3798,48910,124854,0
3799,100679,130757,0
3800,117410,68006,0
3801,24767,101587,0
3802,128070,21403,0
3803,36391,98734,0
3804,16840,117226,0
3805,93468,70050,0
3806,151402,126252,0
3807,34982,33193,0
3808,57968,73842,0
3809,126897,88548,0
3810,155149,17855,0
3811,14449,85783,0
3812,80896,73833,0
3813,18860,15816,0
3814,42101,62956,0
3815,150040,128741,0
3816,87475,7462,0
3817,2821,121589,0
3818,39028,13283,0
3819,95634,30335,0
3820,126990,44508,0
3821,11537,112561,0
3822,145661,120995,0
3823,55011,59855,0
3824,13217,131065,0
3825,154229,65762,0
3826,136372,24885,0
3827,44933,147594,0
3828,122110,18521,0
3829,115318,61217,0
3830,2161,80501,0
3831,81650,37760,0
3832,148219,118746,0
3833,69210,75788,0
3834,10766,80193,0
3835,5821,114310,0
3836,45821,18300,0
3837,106026,143008,0
3838,141363,143158,0
3839,132407,142258,0
3840,2970,41933,0
3841,441,91011,0
3842,31826,10335,0
3843,59936,126170,0
3844,98770,133960,0
3845,19945,115117,0
3846,78568,26865,0
3847,33872,70286,0
3848,121768,74798,0
3849,151888,41069,0
3850,119442,41406,0
3851,142776,117551,0
3852,110102,32146,0
3853,135496,44214,0
3854,32363,29931,0
3855,146851,128356,0
3856,43845,63188,0
3857,38797,123475,0
3858,19738,137415,0
3859,81448,4430,0
3860,92706,58,0
3861,19326,9683,0
3862,146351,51097,0
3863,63201,25143,0
3864,8246,62981,0
3865,16955,149032,0
3866,97493,155050,0
3867,152918,146515,0
3868,99662,78728,0
3869,65519,108516,0
3870,122467,130802,0
3871,117335,17171,0
3872,61821,26562,0
3873,69828,36507,0
3874,75302,119098,0
3875,143994,92163,0
3876,79844,98841,0
3877,82653,4425,0
3878,37123,91778,0
3879,139675,45389,0
3880,116856,16976,0
3881,9778,20533,0
3882,9694,97236,0
3883,40997,43664,0
3884,83186,97027,0
3885,93526,122594,0
3886,783,115110,0
3887,5832,134139,0
3888,91230,103448,0
3889,143688,82403,0
3890,49839,51533,0
3891,117372,23988,0
3892,101950,139463,0
3893,104469,132438,0
3894,1066,75900,0
3895,137699,84476,0
3896,82723,89340,0
3897,80389,28538,0
3898,122853,152837,0
3899,87179,104862,0
3900,70008,92068,0
3901,15474,47061,0
3902,26168,34078,0
3903,24763,24440,0
3904,150987,104856,0
3905,112347,61155,0
3906,73044,117319,0
3907,133336,15353,0
3908,145535,85814,0
3909,284,94073,0
3910,127731,14101,0
3911,64959,150824,0
3912,144033,3027,0
3913,23696,11153,0
3914,108270,10670,0
3915,143861,66673,0
3916,18741,57718,0
3917,146474,27967,0
3918,101532,149700,0
3919,152202,128558,0
3920,30044,19305,0
3921,66987,1986,0
3922,43654,120440,0
3923,54461,13415,0
3924,138853,83611,0
3925,43964,80953,0
3926,140319,61368,0
3927,92657,92004,0
3928,68973,24063,0
3929,105603,93073,0
3930,87565,121190,0
3931,69812,4579,0
3932,94469,113349,0
3933,68421,87269,0
3934,92305,45427,0
3935,75194,89161,0
3936,138686,7171,0
3937,50023,15669,0
3938,35105,33748,0
3939,31421,28301,0
3940,79442,97669,0
3941,55788,93623,0
3942,36664,74038,0
3943,104627,106706,0
3944,154186,18637,0
3945,67947,137697,0
3946,62787,19985,0
3947,23673,27438,0
3948,31298,5474,0
3949,153251,68035,0
3950,100422,16855,0
3951,136498,61923,0
3952,16563,36332,0
3953,58727,137519,0
3954,71750,35725,0
3955,89294,120170,0
3956,19449,22716,0
3957,85242,60824,0
3958,62493,19893,0
3959,138134,152836,0
3960,19441,52215,0
3961,152154,45022,0
3962,3245,45911,0
3963,12162,15476,0
3964,139153,150598,0
3965,39544,10065,0
3966,65947,71058,0
3967,8783,73075,0
3968,86388,55130,0
3969,134120,1532,0
3970,135413,52319,0
3971,61955,49917,0
3972,124957,97063,0
3973,10476,146018,0
3974,5485,36356,0
3975,68778,136175,0
3976,37430,129388,0
3977,135003,48939,0
3978,125567,150495,0
3979,70861,28112,0
3980,113176,22981,0
3981,138610,94237,0
3982,138126,125277,0
3983,135804,4798,0
3984,130220,141300,0
3985,27836,35618,0
3986,69615,76929,0
3987,95794,88434,0
3988,9382,26159,0
3989,100220,82833,0
3990,4405,134222,0
3991,52925,62039,0
3992,120501,121561,0
3993,20093,11347,0
3994,85645,43653,0
3995,152788,58348,0
3996,27080,58530,0
3997,103312,89747,0
3998,26042,86329,0
3999,126756,77764,0
4000,20375,15049,0
4001,65781,126545,0
4002,86007,79789,0
4003,53391,119861,0
4004,141754,32997,0
4005,44837,139807,0
4006,68802,107360,0
4007,97282,2688,0
4008,9742,118208,0
4009,139732,56003,0
4010,96497,99755,0
4011,152211,59188,0
4012,128271,151323,0
4013,94749,25498,0
4014,149913,55179,0
4015,32248,95363,0
4016,149818,42023,0
4017,56807,46230,0
4018,53139,45361,0
4019,131767,39773,0
4020,129257,90318,0
4021,12913,69198,0
4022,50827,20111,0
4023,132820,131222,0
4024,22670,113149,0
4025,66434,34880,0
4026,149107,43610,0
4027,26418,86651,0
4028,10351,25397,0
4029,28686,14019,0
4030,44862,106837,0
4031,44412,130612,0
4032,146511,123266,0
4033,49019,35486,0
4034,81525,36589,0
4035,143083,145100,0
4036,49014,118265,0
4037,25371,29690,0
4038,143947,64536,0
4039,78469,45370,0
4040,26029,45300,0
4041,105535,25066,0
4042,66101,72279,0
4043,127731,116813,0
4044,126718,90615,0
4045,76504,37678,0
4046,14458,64529,0
4047,103604,32737,0
4048,132369,5807,0
4049,93324,91501,0
4050,25904,34569,0
4051,130023,33525,0
4052,13767,57902,0
4053,28441,92831,0
4054,93782,151054,0
4055,40309,94023,0
4056,2076,126071,0
4057,134853,66560,0
4058,66096,108728,0
4059,16045,103499,0
4060,27113,83877,0
4061,100961,90985,0
4062,108849,107994,0
4063,14274,120165,0
4064,42221,83844,0
4065,98826,61329,0
4066,113298,87903,0
4067,115596,87575,0
4068,139266,79607,0
4069,68063,47493,0
4070,112633,116750,0
4071,21642,7122,0
4072,145593,106611,0
4073,92839,78141,0
4074,3681,122316,0
4075,116917,62332,0
4076,153905,63267,0
4077,138945,43103,0
4078,26782,45430,0
4079,50974,62044,0
4080,1876,91129,0
4081,133324,28101,0
4082,132298,70855,0
4083,19709,42630,0
4084,54374,83362,0
4085,47154,73072,0
4086,99369,36468,0
4087,53725,58785,0
4088,107497,31163,0
4089,10598,44956,0
4090,105975,66613,0
4091,71491,123630,0
4092,154814,125764,0
4093,43277,106592,0
4094,35517,26242,0
4095,76504,35729,0
4096,67678,13132,0
4097,85011,47646,0
4098,39779,154156,0
4099,114973,141276,0
4100,37792,117450,0
4101,126238,96003,0
4102,105155,145426,0
4103,100964,91793,0
4104,32311,23998,0
4105,86199,17627,0
4106,147390,16057,0
4107,48975,8320,0
4108,17609,135626,0
4109,15508,148053,0
4110,90086,119752,0
4111,19751,45736,0
4112,89032,49806,0
4113,143339,127736,0
4114,114972,134546,0
4115,143084,77078,0
4116,104267,125533,0
4117,37205,88806,0
4118,154348,122747,0
4119,135463,143700,0
4120,18816,102053,0
4121,86949,46819,0
4122,113359,97458,0
4123,28489,155108,0
4124,65918,110776,0
4125,14329,21920,0
4126,130448,110650,0
4127,42261,131171,0
4128,65552,9855,0
4129,14696,12677,0
4130,2064,52056,0
4131,43793,145911,0
4132,135518,121709,0
4133,152183,11178,0
4134,143137,126510,0
4135,137786,116017,0
4136,41527,94628,0
4137,14146,24590,0
4138,61001,142748,0
4139,147397,23470,0
4140,123409,1723,0
4141,50156,1093,0
4142,57707,39315,0
4143,81098,62909,0
4144,151719,134876,0
4145,107162,100244,0
4146,143991,47818,0
4147,62622,113152,0
4148,101815,75015,0
4149,167,85179,0
4150,123584,114635,0
4151,1128,106424,0
4152,62124,45949,0
4153,49691,67017,0
4154,20852,83270,0
4155,86484,29893,0
4156,136975,136611,0
4157,46585,87533,0
4158,26050,32564,0
4159,105899,94424,0
4160,78286,150766,0
4161,97255,82858,0
4162,33875,10036,0
4163,52680,144071,0
4164,14001,90680,0
4165,139960,93379,0
4166,115330,56727,0
4167,117639,146189,0
4168,8256,35078,0
4169,84475,145272,0
4170,130712,102892,0
4171,114983,57455,0
4172,86125,95290,0
4173,79860,43040,0
4174,107086,120424,0
4175,47195,110614,0
4176,13453,4291,0
4177,76190,50671,0
4178,134838,115934,0
4179,53922,34105,0
4180,22856,107827,0
4181,64003,89146,0
4182,68441,24364,0
4183,147856,72710,0
4184,77126,54703,0
4185,71949,64267,0
4186,106053,142191,0
4187,898,112779,0
4188,46945,71017,0
4189,67460,17592,0
4190,23310,143070,0
4191,127962,57722,0
4192,5537,58152,0
4193,141199,140269,0
4194,53234,25857,0
4195,63523,24319,0
4196,27665,9458,0
4197,151878,5449,0
4198,61725,98832,0
4199,16121,63145,0
4200,127915,16638,0
4201,78195,84877,0
4202,19037,155195,0
4203,144917,149829,0
4204,33365,50383,0
4205,59243,39805,0
4206,138069,68340,0
4207,1374,118772,0
4208,98555,5172,0
4209,111582,4642,0
4210,143267,128224,0
4211,98310,38566,0
4212,125759,3706,0
4213,110432,137675,0
4214,152567,63253,0
4215,58694,58382,0
4216,108535,42638,0
4217,119568,6511,0
4218,146403,118574,0
4219,63395,93924,0
4220,147963,78028,0
4221,138682,134111,0
4222,44198,67218,0
4223,17971,71955,0
4224,12723,79101,0
4225,1128,86592,0
4226,24723,88770,0
4227,5668,94247,0
4228,16838,74581,0
4229,141110,29215,0
4230,88844,56175,0
4231,144683,135482,0
4232,116294,2909,0
4233,153312,95808,0
4234,54107,8608,0
4235,23783,32017,0
4236,69772,116119,0
4237,112109,38247,0
4238,145024,19439,0
4239,117251,93180,0
4240,10554,132536,0
4241,147269,15545,0
4242,103794,55658,0
4243,13052,19163,0
4244,36792,100696,0
4245,81518,109806,0
4246,21260,149755,0
4247,50205,19237,0
4248,64886,86880,0
4249,61001,67224,0
4250,8391,113408,0
4251,24560,107265,0
4252,12526,70299,0
4253,133974,142132,0
4254,124092,49779,0
4255,98043,67160,0
4256,107157,131404,0
4257,104359,101416,0
4258,13121,115849,0
4259,29698,68325,0
4260,46681,113618,0
4261,23182,52419,0
4262,41958,152583,0
4263,47339,89920,0
4264,134903,113997,0
4265,52704,102127,0
4266,109947,78426,0
4267,110389,42276,0
4268,70635,54484,0
4269,127678,146415,0
4270,144767,13845,0
4271,129416,109645,0
4272,24077,16794,0
4273,90329,20068,0
4274,29770,93851,0
4275,124610,9540,0
4276,107329,23943,0
4277,39783,44687,0
4278,82653,82210,0
4279,100870,74475,0
4280,129245,16007,0
4281,24263,64468,0
4282,57014,45968,0
4283,57755,119336,0
4284,76477,60221,0
4285,91748,110633,0
4286,66730,70351,0
4287,21019,79520,0
4288,30456,64694,0
4289,117632,29300,0
4290,125337,51104,0
4291,3354,68380,0
4292,41598,50687,0
4293,89717,1817,0
4294,84233,15870,0
4295,30772,122143,0
4296,12508,8642,0
4297,149612,66629,0
4298,143400,145329,0
4299,68232,4154,0
4300,125813,3971,0
4301,112058,78261,0
4302,120713,144231,0
4303,46003,92079,0
4304,47517,25332,0
4305,60600,141981,0
4306,143533,55026,0
4307,148640,94315,0
4308,55618,42943,0
4309,30858,79108,0
4310,84530,86376,0
4311,14160,52042,0
4312,153108,130411,0
4313,86353,150635,0
4314,11208,99535,0
4315,110181,91338,0
4316,40053,137220,0
4317,84244,48423,0
4318,149232,56964,0
4319,153959,124756,0
4320,16646,128816,0
4321,66204,68924,0
4322,97422,128307,0
4323,5125,68014,0
4324,144639,117074,0
4325,95728,141702,0
4326,72344,93707,0
4327,84762,139835,0
4328,77200,67823,0
4329,113699,103540,0
4330,31025,53484,0
4331,38051,20942,0
4332,71787,155073,0
4333,70529,20257,0
4334,123820,66775,0
4335,53506,56324,0
4336,4646,75285,0
4337,140082,63182,0
4338,117777,75045,0
4339,95545,45759,0
4340,62687,76736,0
4341,4606,154495,0
4342,85195,90433,0
4343,832,32140,0
4344,87766,67901,0
4345,127246,43047,0
4346,134989,48136,0
4347,140354,110133,0
4348,93747,121512,0
4349,20062,130915,0
4350,29159,35248,0
4351,20593,15129,0
4352,145269,104937,0
4353,127951,137799,0
4354,95777,140390,0
4355,49980,13163,0
4356,70956,141513,0
4357,129872,12521,0
4358,80784,37805,0
4359,49560,43672,0
4360,85813,26894,0
4361,32390,46258,0
4362,68478,88909,0
4363,78097,151712,0
4364,60693,149991,0
4365,37222,92545,0
4366,110085,79875,0
4367,56917,19918,0
4368,59159,40425,0
4369,45658,112688,0
4370,95803,84838,0
4371,36485,136484,0
4372,7520,31815,0
4373,80622,135043,0
4374,76276,56209,0
4375,82016,1873,0
4376,1745,114994,0
4377,132597,137875,0
4378,63800,69866,0
4379,135607,16705,0
4380,96149,34541,0
4381,21716,19246,0
4382,74844,83067,0
4383,41122,29948,0
4384,21388,58739,0
4385,95889,57936,0
4386,92528,82608,0
4387,115305,128587,0
4388,90954,130972,0
4389,49359,113929,0
4390,83065,72974,0
4391,91515,101608,0
4392,130533,2566,0
4393,93334,109150,0
4394,95684,39052,0
4395,128950,97397,0
4396,97399,17551,0
4397,125873,134143,0
4398,115825,46172,0
4399,101750,114894,0
4400,94475,92166,0
4401,97393,139239,0
4402,57595,14433,0
4403,32006,12178,0
4404,30987,98149,0
4405,147873,82218,0
4406,68842,119761,0
4407,106637,148402,0
4408,49583,34213,0
4409,136558,58185,0
4410,62864,115359,0
4411,140695,111286,0
4412,38090,35504,0
4413,117298,3889,0
4414,149348,36257,0
4415,36337,38708,0
4416,37930,100091,0
4417,69930,72514,0
4418,139137,85860,0
4419,91216,102619,0
4420,95628,30076,0
4421,152334,25723,0
4422,68534,68177,0
4423,22879,153304,0
4424,6948,70454,0
4425,50401,8489,0
4426,64155,82830,0
4427,73029,83616,0
4428,40123,66029,0
4429,126304,146989,0
4430,144204,129757,0
4431,99914,12902,0
4432,31584,133804,0
4433,149362,116432,0
4434,105110,29624,0
4435,23883,62233,0
4436,37484,49352,0
4437,130635,117961,0
4438,118580,121998,0
4439,95852,49964,0
4440,63083,21389,0
4441,146835,134195,0
4442,46250,97375,0
4443,85326,27447,0
4444,89398,48305,0
4445,134816,136871,0
4446,99895,150182,0
4447,92301,27409,0
4448,53967,33421,0
4449,73127,35106,0
4450,116153,77851,0
4451,2142,100882,0
4452,65612,90957,0
4453,66478,7343,0
4454,2333,151997,0
4455,53349,21479,0
4456,77890,81387,0
4457,88813,98845,0
4458,136950,42467,0
4459,41268,49747,0
4460,49703,141723,0
4461,29598,25380,0
4462,119651,22120,0
4463,127107,9317,0
4464,15986,130140,0
4465,144526,22638,0
4466,18186,116863,0
4467,24549,31850,0
4468,66774,42375,0
4469,8783,51769,0
4470,86572,88592,0
4471,145765,42684,0
4472,45082,15910,0
4473,154176,115923,0
4474,101910,128013,0
4475,42569,79701,0
4476,128888,117371,0
4477,118083,110943,0
4478,1837,20200,0
4479,102401,12939,0
4480,89871,90661,0
4481,46526,118417,0
4482,125047,19620,0
4483,30526,3680,0
4484,8065,55571,0
4485,73772,139854,0
4486,95877,94455,0
4487,110513,155148,0
4488,100549,13290,0
4489,120218,14067,0
4490,119330,95123,0
4491,54829,46847,0
4492,8987,40623,0
4493,147333,27281,0
4494,142792,127108,0
4495,106621,38890,0
4496,4332,125052,0
4497,68005,95093,0
4498,135033,49070,0
4499,153856,77639,0
4500,121409,138294,0
4501,134556,64788,0
4502,149234,90585,0
4503,41229,155,0
4504,40259,87869,0
4505,143036,29370,0
4506,29245,138912,0
4507,148852,154244,0
4508,8808,143818,0
4509,47323,74065,0
4510,75816,39431,0
4511,147856,30776,0
4512,87125,104515,0
4513,123541,69862,0
4514,28304,84726,0
4515,51316,9545,0
4516,144322,107982,0
4517,99319,28654,0
4518,74900,131775,0
4519,103161,56651,0
4520,144025,51153,0
4521,86144,139279,0
4522,80767,144725,0
4523,132453,83408,0
4524,151278,14276,0
4525,133736,5188,0
4526,133847,35599,0
4527,128114,72580,0
4528,74857,66949,0
4529,69214,78792,0
4530,106711,45714,0
4531,154565,91214,0
4532,51616,6436,0
4533,52948,114507,0
4534,134022,143435,0
4535,148082,87533,0
4536,85830,148201,0
4537,124226,52052,0
4538,80418,17786,0
4539,111737,50237,0
4540,71342,122365,0
4541,144838,142389,0
4542,151211,67426,0
4543,130093,93845,0
4544,115742,37473,0
4545,74026,13095,0
4546,58540,25725,0
4547,66574,91270,0
4548,99741,37039,0
4549,85187,111923,0
4550,140612,54303,0
4551,107739,12346,0
4552,112875,9149,0
4553,48806,30398,0
4554,68727,118223,0
4555,70797,121195,0
4556,123289,134798,0
4557,93034,122602,0
4558,121855,2768,0
4559,56938,85222,0
4560,6309,64484,0
4561,129612,31810,0
4562,92125,152538,0
4563,146638,42997,0
4564,83168,3963,0
4565,78760,21776,0
4566,53802,96976,0
4567,135045,10002,0
4568,26552,139849,0
4569,93338,121642,0
4570,58009,4452,0
4571,135813,115125,0
4572,52535,14230,0
4573,33171,5581,0
4574,145364,45898,0
4575,126982,143478,0
4576,59153,146297,0
4577,16982,17446,0
4578,155152,29002,0
4579,114993,149689,0
4580,9447,34357,0
4581,147369,135322,0
4582,17844,134707,0
4583,47330,87937,0
4584,135841,43410,0
4585,46991,79330,0
4586,68422,136708,0
4587,135207,75869,0
4588,77773,109166,0
4589,142234,139450,0
4590,153318,113416,0
4591,20331,61056,0
4592,102679,53287,0
4593,89145,126645,0
4594,5463,114375,0
4595,76276,104830,0
4596,143582,85119,0
4597,112636,86100,0
4598,94643,67224,0
4599,144208,105909,0
4600,95665,27168,0
4601,69578,61804,0
4602,63688,65242,0
4603,153012,58613,0
4604,5070,123864,0
4605,31921,72532,0
4606,27224,120369,0
4607,87054,13130,0
4608,55724,136670,0
4609,140075,125252,0
4610,50931,117927,0
4611,13843,151714,0
4612,150606,19891,0
4613,15676,35891,0
4614,106811,147069,0
4615,107613,117262,0
4616,50447,75600,0
4617,153611,56202,0
4618,17478,43467,0
4619,153740,63149,0
4620,74253,95389,0
4621,148677,23052,0
4622,91026,36565,0
4623,67338,21687,0
4624,154294,70091,0
4625,4797,97572,0
4626,72789,126481,0
4627,17377,153058,0
4628,71029,36385,0
4629,147694,124641,0
4630,90905,118710,0
4631,21208,113823,0
4632,66353,45794,0
4633,40058,84814,0
4634,36842,88063,0
4635,118191,141120,0
4636,56939,114937,0
4637,111073,34026,0
4638,37167,153628,0
4639,133621,65242,0
4640,58130,49567,0
4641,66882,71771,0
4642,149837,26417,0
4643,129595,73424,0
4644,29292,1813,0
4645,122745,47469,0
4646,7998,89309,0
4647,15659,125576,0
4648,83474,67058,0
4649,79914,5092,0
4650,40971,141804,0
4651,5030,90695,0
4652,63086,73361,0
4653,91596,85495,0
4654,16259,106871,0
4655,64004,125618,0
4656,88728,42892,0
4657,69002,87616,0
4658,82960,102250,0
4659,95064,22333,0
4660,56674,2617,0
4661,93001,34920,0
4662,99161,70593,0
4663,139324,124981,0
4664,95867,74977,0
4665,55284,43144,0
4666,130694,49968,0
4667,154502,75173,0
4668,84772,32601,0
4669,147708,93847,0
4670,131414,3372,0
4671,84004,44986,0
4672,56507,147545,0
4673,48904,88063,0
4674,35393,138855,0
4675,88117,1442,0
4676,17844,89283,0
4677,39518,46944,0
4678,79785,55595,0
4679,79187,77816,0
4680,78716,96714,0
4681,79738,56525,0
4682,78523,133953,0
4683,20357,6805,0
4684,148432,38289,0
4685,95906,134581,0
4686,19841,24657,0
4687,56148,85122,0
4688,128518,50037,0
4689,78756,86416,0
4690,131251,31497,0
4691,132294,123928,0
4692,146708,45574,0
4693,39432,65413,0
4694,151736,60559,0
4695,107409,57275,0
4696,124308,81593,0
4697,107678,125220,0
4698,32089,22551,0
4699,57988,128844,0
4700,30730,13282,0
4701,56252,79530,0
4702,87341,58271,0
4703,119999,47014,0
4704,4727,95938,0
4705,64014,17590,0
4706,122259,17601,0
4707,9707,139931,0
4708,82078,105211,0
4709,27682,87946,0
4710,8559,136909,0
4711,116294,60041,0
4712,144321,115368,0
4713,15648,103345,0
4714,46917,44049,0
4715,96780,94860,0
4716,101988,45758,0
4717,66623,138119,0
4718,47688,117053,0
4719,119791,31744,0
4720,87056,75239,0
4721,2753,122587,0
4722,18032,53478,0
4723,140021,133236,0
4724,115903,62659,0
4725,39306,137490,0
4726,15606,41368,0
4727,37565,90881,0
4728,114286,64869,0
4729,35664,153812,0
4730,119458,95150,0
4731,27755,50236,0
4732,9781,64351,0
4733,52648,79490,0
4734,127497,141515,0
4735,77636,125570,0
4736,122038,5465,0
4737,29944,27973,0
4738,43495,66966,0
4739,14398,136463,0
4740,130786,149761,0
4741,128870,151658,0
4742,37681,23912,0
4743,111428,45067,0
4744,30468,95392,0
4745,98450,97207,0
4746,137162,112585,0
4747,94912,116808,0
4748,132160,74691,0
4749,113950,61573,0
4750,108457,30217,0
4751,93450,11703,0
4752,145482,11810,0
4753,92532,130515,0
4754,104755,79758,0
4755,115554,141198,0
4756,14485,61585,0
4757,78734,66974,0
4758,56747,150852,0
4759,18817,26467,0
4760,140932,12363,0
4761,141438,64067,0
4762,114751,118360,0
4763,119058,143501,0
4764,37018,54117,0
4765,12854,3634,0
4766,76062,108868,0
4767,67726,102423,0
4768,154609,151807,0
4769,153619,154606,0
4770,86227,129551,0
4771,90688,70616,0
4772,125737,37804,0
4773,102241,57427,0
4774,101243,25260,0
4775,151603,89503,0
4776,94064,62742,0
4777,152727,46234,0
4778,72923,55513,0
4779,71510,153888,0
4780,154947,49375,0
4781,9631,34580,0
4782,37623,150066,0
4783,124381,15760,0
4784,53959,145389,0
4785,52560,127582,0
4786,76771,149875,0
4787,97635,143828,0
4788,105313,112960,0
4789,48115,152192,0
4790,28467,142394,0
4791,126241,130552,0
4792,61370,126040,0
4793,54082,110648,0
4794,139311,123233,0
4795,19577,8866,0
4796,151337,69186,0
4797,50308,94678,0
4798,64683,47191,0
4799,149237,98832,0
4800,73752,123956,0
4801,87531,85978,0
4802,5376,146471,0
4803,45503,135618,0
4804,15046,41350,0
4805,87853,7136,0
4806,135330,5172,0
4807,21316,79600,0
4808,51884,110854,0
4809,108906,3124,0
4810,34771,148145,0
4811,71842,140572,0
4812,140534,152694,0
4813,57029,45247,0
4814,22819,137905,0
4815,118172,38594,0
4816,101205,58556,0
4817,109436,492,0
4818,59098,39675,0
4819,113340,25224,0
4820,7954,94570,0
4821,22727,115869,0
4822,62342,54783,0
4823,39515,107204,0
4824,154961,140856,0
4825,78575,2509,0
4826,76102,102482,0
4827,72022,70989,0
4828,91138,33746,0
4829,71491,57736,0
4830,72791,133370,0
4831,45912,82545,0
4832,154253,49681,0
4833,112425,34790,0
4834,90350,139080,0
4835,148776,141777,0
4836,71692,123340,0
4837,81441,71930,0
4838,115417,118951,0
4839,144908,1738,0
4840,65980,98957,0
4841,3556,17901,0
4842,95171,83223,0
4843,76454,59691,0
4844,37962,85973,0
4845,90922,83139,0
4846,144888,25870,0
4847,38372,135416,0
4848,80297,92928,0
4849,54,138222,0
4850,148476,125774,0
4851,126579,32105,0
4852,62103,80283,0
4853,102156,9800,0
4854,80485,55876,0
4855,87410,143112,0
4856,50621,114550,0
4857,79381,18613,0
4858,68457,22663,0
4859,64645,34150,0
4860,60126,103380,0
4861,37135,83839,0
4862,130074,151412,0
4863,53549,136419,0
4864,97090,130435,0
4865,119233,128662,0
4866,58637,79545,0
4867,116142,128963,0
4868,70731,54003,0
4869,94230,120021,0
4870,24526,68679,0
4871,129015,137132,0
4872,32828,114825,0
4873,144048,78380,0
4874,30743,145853,0
4875,21300,59918,0
4876,3637,7615,0
4877,93601,142830,0
4878,24341,7558,0
4879,61771,104860,0
4880,10423,105544,0
4881,115873,15335,0
4882,90267,74850,0
4883,138229,143556,0
4884,66353,44587,0
4885,63892,16277,0
4886,1206,14532,0
4887,88509,89039,0
4888,126233,37723,0
4889,80520,64392,0
4890,87293,133732,0
4891,64732,41938,0
4892,80036,73343,0
4893,77307,152703,0
4894,76676,93758,0
4895,2244,124219,0
4896,83604,64505,0
4897,66835,145201,0
4898,148654,43586,0
4899,39075,81624,0
4900,102151,22934,0
4901,12706,91062,0
4902,33388,64956,0
4903,138228,16097,0
4904,49800,13721,0
4905,110102,80705,0
4906,33087,143954,0
4907,22473,98633,0
4908,118937,75237,0
4909,123122,31033,0
4910,9230,54505,0
4911,101337,78308,0
4912,109767,71056,0
4913,134069,83493,0
4914,46441,45687,0
4915,151826,124645,0
4916,125587,107867,0
4917,6796,88286,0
4918,114852,32680,0
4919,79819,21883,0
4920,60669,69924,0
4921,5796,142179,0
4922,146262,65460,0
4923,132314,113289,0
4924,116587,97166,0
4925,139382,149825,0
4926,86355,134528,0
4927,103889,131958,0
4928,106540,25090,0
4929,99554,84897,0
4930,133773,8737,0
4931,54070,107438,0
4932,34358,57850,0
4933,140078,126828,0
4934,135383,124069,0
4935,7378,11055,0
4936,101068,37107,0
4937,54314,74716,0
4938,91827,60781,0
4939,83191,126822,0
4940,124593,128331,0
4941,90771,73964,0
4942,99664,15410,0
4943,144116,92290,0
4944,79333,77003,0
4945,134256,35552,0
4946,154704,74590,0
4947,103949,136630,0
4948,143154,21487,0
4949,2161,44532,0
4950,109537,77488,0
4951,22250,122953,0
4952,147619,77006,0
4953,100706,11689,0
4954,68951,53025,0
4955,58001,73074,0
4956,57553,24859,0
4957,116943,153915,0
4958,1257,127597,0
4959,43250,109534,0
4960,72394,25821,0
4961,51248,146639,0
4962,141187,15171,0
4963,52876,125793,0
4964,9336,7787,0
4965,30746,53778,0
4966,151964,33405,0
4967,22049,63500,0
4968,144400,94798,0
4969,62028,140297,0
4970,118377,124708,0
4971,119924,92597,0
4972,63647,155095,0
4973,150192,60874,0
4974,70089,134324,0
4975,44859,11013,0
4976,3221,97692,0
4977,36577,74678,0
4978,25728,9220,0
4979,87056,30139,0
4980,107944,149746,0
4981,45411,146786,0
4982,151860,154235,0
4983,76340,21767,0
4984,38229,144945,0
4985,108514,13333,0
4986,6660,70711,0
4987,31731,9978,0
4988,33464,89153,0
4989,72336,105763,0
4990,46805,98360,0
4991,47418,130430,0
4992,149961,149341,0
4993,118638,19157,0
4994,86781,82889,0
4995,110111,86198,0
4996,86789,40209,0
4997,62275,18588,0
4998,62381,47553,0
4999,33710,61674,0
5000,37414,1255,0
5001,57497,54888,0
5002,106317,81332,0
5003,21347,153279,0
5004,106428,141288,0
5005,10239,34634,0
5006,50503,152995,0
5007,119971,86184,0
5008,74118,101387,0
5009,33044,91824,0
5010,13760,116947,0
5011,139504,5017,0
5012,142093,107796,0
5013,131627,70825,0
5014,57233,280,0
5015,126002,139552,0
5016,40242,100006,0
5017,16128,47519,0
5018,103208,28838,0
5019,89881,108966,0
5020,92255,43040,0
5021,132035,90677,0
5022,104919,3450,0
5023,77205,39301,0
5024,34900,48641,0
5025,110238,94796,0
5026,68086,130944,0
5027,144357,110642,0
5028,150801,61972,0
5029,121325,74886,0
5030,48247,75106,0
5031,8518,130485,0
5032,89848,880,0
5033,14369,60780,0
5034,105685,82248,0
5035,29106,37331,0
5036,115247,120306,0
5037,53813,117388,0
5038,150647,154377,0
5039,96887,77456,0
5040,131199,115362,0
5041,36883,60658,0
5042,5055,44693,0
5043,65706,126513,0
5044,14822,52723,0
5045,13872,30421,0
5046,11932,57441,0
5047,125335,53367,0
5048,52412,93658,0
5049,116918,94792,0
5050,129640,4509,0
5051,20987,117788,0
5052,148391,15357,0
5053,47936,77433,0
5054,110187,140186,0
5055,46175,32846,0
5056,7240,131397,0
5057,108266,93078,0
5058,62896,43225,0
5059,108506,44098,0
5060,144271,107811,0
5061,57114,46344,0
5062,68773,134814,0
5063,42726,5254,0
5064,131533,38129,0
5065,42900,51000,0
5066,110394,107972,0
5067,104198,54462,0
5068,68384,95167,0
5069,32324,15049,0
5070,118396,143191,0
5071,28927,28763,0
5072,48181,113382,0
5073,127863,8115,0
5074,134421,431,0
5075,45920,49214,0
5076,65071,194,0
5077,117635,137701,0
5078,57469,3343,0
5079,47752,49638,0
5080,98222,78835,0
5081,24187,76274,0
5082,111048,41312,0
5083,64370,138230,0
5084,63712,112345,0
5085,8490,123223,0
5086,108008,122971,0
5087,21983,116240,0
5088,149198,73458,0
5089,44555,83552,0
5090,118672,135881,0
5091,138357,19171,0
5092,126196,7366,0
5093,32649,87035,0
5094,131693,17238,0
5095,43202,122078,0
5096,38355,125599,0
5097,50362,110140,0
5098,147401,132704,0
5099,134278,154590,0
5100,96687,141858,0
5101,116019,982,0
5102,108234,97162,0
5103,27389,155,0
5104,39417,12140,0
5105,1072,54873,0
5106,18617,144168,0
5107,104511,102756,0
5108,71537,26451,0
5109,101495,47002,0
5110,129679,8583,0
5111,139171,127667,0
5112,54180,143369,0
5113,50461,358,0
5114,115062,9203,0
5115,52747,37952,0
5116,144048,61032,0
5117,4806,62591,0
5118,21846,79524,0
5119,142075,30675,0
5120,57948,67825,0
5121,1827,119953,0
5122,107651,50727,0
5123,138334,121831,0
5124,96469,88610,0
5125,146736,97735,0
5126,38795,84800,0
5127,5018,74547,0
5128,57613,44764,0
5129,93291,80068,0
5130,134484,33438,0
5131,100754,41042,0
5132,148948,153736,0
5133,102619,24361,0
5134,88330,132388,0
5135,23883,69518,0
5136,154536,22931,0
5137,58103,99356,0
5138,22624,137328,0
5139,100328,152786,0
5140,81410,33299,0
5141,26529,123777,0
5142,52161,61347,0
5143,99448,82822,0
5144,7904,11034,0
5145,27721,152179,0
5146,64212,149777,0
5147,92155,81544,0
5148,21404,10433,0
5149,28025,150723,0
5150,78815,24745,0
5151,6967,136703,0
5152,115712,123463,0
5153,17583,127193,0
5154,142189,40679,0
5155,115980,138746,0
5156,24764,40174,0
5157,133765,118513,0
5158,104553,31471,0
5159,118320,77317,0
5160,135236,47029,0
5161,108639,23596,0
5162,44586,113510,0
5163,16975,110489,0
5164,108454,46879,0
5165,88441,85474,0
5166,89638,38285,0
5167,107414,109574,0
5168,122658,39601,0
5169,44315,73120,0
5170,101842,126055,0
5171,61921,107417,0
5172,50844,27673,0
5173,102371,105841,0
5174,114413,79331,0
5175,23226,67823,0
5176,71694,121210,0
5177,140019,12910,0
5178,88066,21668,0
5179,36019,95958,0
5180,83764,9579,0
5181,19916,111497,0
5182,4658,19245,0
5183,29222,116318,0
5184,30198,65448,0
5185,74081,143383,0
5186,123263,69797,0
5187,64732,27135,0
5188,103945,78350,0
5189,42028,77268,0
5190,29133,115232,0
5191,7188,104376,0
5192,95428,151891,0
5193,25448,6983,0
5194,99870,28731,0
5195,149203,24952,0
5196,44998,88065,0
5197,147004,113116,0
5198,141044,40292,0
5199,117850,37505,0
5200,138597,114296,0
5201,137528,142005,0
5202,49558,116491,0
5203,154462,52880,0
5204,45372,3115,0
5205,144357,85569,0
5206,34109,6984,0
5207,96600,140026,0
5208,19145,114049,0
5209,74436,2445,0
5210,131822,115306,0
5211,81084,36251,0
5212,2845,38170,0
5213,15478,121244,0
5214,28874,79874,0
5215,32614,125154,0
5216,29402,122862,0
5217,91340,121536,0
5218,27055,86003,0
5219,110856,34788,0
5220,52508,123774,0
5221,27818,71334,0
5222,3276,93753,0
5223,13194,23989,0
5224,122343,151882,0
5225,117140,127601,0
5226,149113,65861,0
5227,129242,150314,0
5228,146841,140819,0
5229,10014,71186,0
5230,99939,86661,0
5231,150924,77205,0
5232,121708,30967,0
5233,30196,45165,0
5234,132815,111361,0
5235,144083,72818,0
5236,147205,144016,0
5237,67667,136638,0
5238,103292,96050,0
5239,13295,19438,0
5240,56558,32103,0
5241,10176,141139,0
5242,53482,53576,0
5243,32081,64731,0
5244,151088,94335,0
5245,60088,37725,0
5246,66905,145995,0
5247,2849,62141,0
5248,126814,132344,0
5249,128967,18654,0
5250,18965,62244,0
5251,78371,101587,0
5252,26406,43510,0
5253,52632,34147,0
5254,134592,27442,0
5255,94488,93643,0
5256,39648,53110,0
5257,56853,83131,0
5258,18205,68210,0
5259,128992,82563,0
5260,134646,126730,0
5261,118865,52842,0
5262,93882,39022,0
5263,2508,57000,0
5264,46890,68714,0
5265,54720,122185,0
5266,55647,7981,0
5267,100406,6161,0
5268,124613,55508,0
5269,4644,110591,0
5270,117528,19719,0
5271,124081,114364,0
5272,11476,9861,0
5273,20819,45771,0
5274,83590,117182,0
5275,74217,16598,0
5276,143377,117448,0
5277,19367,103172,0
5278,10986,86264,0
5279,107675,50761,0
5280,72922,8476,0
5281,90961,108718,0
5282,128533,93842,0
5283,144237,76072,0
5284,96270,45761,0
5285,65615,111292,0
5286,16697,81489,0
5287,44754,40579,0
5288,70280,65094,0
5289,107197,92046,0
5290,154411,121220,0
5291,152150,28010,0
5292,126211,38320,0
5293,65767,91002,0
5294,119913,67494,0
5295,112540,61042,0
5296,37009,72845,0
5297,69876,51747,0
5298,20550,19745,0
5299,96652,41378,0
5300,25220,80332,0
5301,9359,9126,0
5302,17967,75369,0
5303,29234,113450,0
5304,135237,148443,0
5305,121466,108833,0
5306,89452,107096,0
5307,48962,60550,0
5308,94028,93661,0
5309,23881,18623,0
5310,57688,59641,0
5311,33866,149451,0
5312,106033,1226,0
5313,29714,104733,0
5314,53568,116976,0
5315,130248,76858,0
5316,84782,65123,0
5317,45914,122972,0
5318,58248,61572,0
5319,11521,117366,0
5320,88948,90646,0
5321,93451,77080,0
5322,106888,62402,0
5323,123889,64072,0
5324,141166,44682,0
5325,87284,23141,0
5326,53796,129344,0
5327,31122,1035,0
5328,86455,81956,0
5329,112865,148931,0
5330,43588,86029,0
5331,18898,10311,0
5332,19919,153971,0
5333,141074,62460,0
5334,6866,52918,0
5335,50164,4426,0
5336,85553,151944,0
5337,13505,79158,0
5338,122893,123443,0
5339,126043,104084,0
5340,96045,54488,0
5341,38725,31418,0
5342,101873,126125,0
5343,109800,33192,0
5344,57396,20991,0
5345,119659,45192,0
5346,76685,106867,0
5347,100514,61978,0
5348,33500,139341,0
5349,145483,133114,0
5350,18828,91268,0
5351,146308,120105,0
5352,4374,119575,0
5353,59670,83935,0
5354,2476,85145,0
5355,125756,12663,0
5356,91409,110252,0
5357,29287,134081,0
5358,132170,84628,0
5359,5941,126747,0
5360,141359,28556,0
5361,105704,147199,0
5362,58764,50263,0
5363,71785,100520,0
5364,34097,45041,0
5365,94572,95954,0
5366,54932,93590,0
5367,85871,129342,0
5368,61632,79876,0
5369,47897,44532,0
5370,1719,67558,0
5371,82282,15976,0
5372,63707,131154,0
5373,133073,67125,0
5374,149182,135027,0
5375,43265,124345,0
5376,109474,17876,0
5377,91618,90408,0
5378,107234,47411,0
5379,10048,58304,0
5380,42818,112565,0
5381,39384,135286,0
5382,86984,33509,0
5383,58867,151954,0
5384,42937,105675,0
5385,109825,86402,0
5386,78778,20134,0
5387,139037,2033,0
5388,85444,64303,0
5389,97080,101138,0
5390,2060,2495,0
5391,81943,89118,0
5392,47470,16125,0
5393,48083,122561,0
5394,62834,61306,0
5395,148632,111550,0
5396,27820,107491,0
5397,27217,117567,0
5398,86932,87550,0
5399,113991,9708,0
5400,3537,13613,0
5401,33363,65549,0
5402,26641,37224,0
5403,47386,42015,0
5404,123143,88971,0
5405,44212,54589,0
5406,147584,79567,0
5407,2273,18487,0
5408,121328,112371,0
5409,68886,124318,0
5410,67302,38890,0
5411,128578,110689,0
5412,27366,4668,0
5413,93750,122341,0
5414,74370,9243,0
5415,96987,43337,0
5416,88855,71773,0
5417,144054,155009,0
5418,26371,83866,0
5419,91298,27692,0
5420,112731,81882,0
5421,140427,78257,0
5422,33202,58811,0
5423,35303,117068,0
5424,67310,21854,0
5425,119367,88127,0
5426,132636,149141,0
5427,143558,134132,0
5428,47961,1831,0
5429,10489,109362,0
5430,101055,79435,0
5431,1132,36224,0
5432,147583,137191,0
5433,43154,10968,0
5434,143137,86760,0
5435,141645,126693,0
5436,121409,23667,0
5437,103126,105618,0
5438,68143,44730,0
5439,122114,32840,0
5440,81155,146875,0
5441,74022,95898,0
5442,21894,128376,0
5443,18129,129591,0
5444,11849,120032,0
5445,104385,103017,0
5446,153055,122788,0
5447,24015,60327,0
5448,5115,123095,0
5449,118171,135243,0
5450,141188,57223,0
5451,20606,104534,0
5452,63659,49070,0
5453,42282,114010,0
5454,82731,73174,0
5455,9652,16705,0
5456,29513,98013,0
5457,131604,143738,0
5458,94797,18492,0
5459,84001,148140,0
5460,43946,25733,0
5461,145417,14382,0
5462,64760,98749,0
5463,50827,106003,0
5464,98419,45233,0
5465,148731,85152,0
5466,45625,13951,0
5467,103263,146133,0
5468,59541,103852,0
5469,23256,23864,0
5470,88211,94429,0
5471,84973,141980,0
5472,139238,71220,0
5473,116974,58661,0
5474,105714,34634,0
5475,39181,113167,0
5476,119865,102458,0
5477,6761,137442,0
5478,95918,1442,0
5479,143777,4350,0
5480,55200,97291,0
5481,148266,120355,0
5482,125026,93625,0
5483,79176,118491,0
5484,95952,123130,0
5485,141622,6336,0
5486,122146,15586,0
5487,130943,130926,0
5488,54248,58041,0
5489,35632,107720,0
5490,48924,50280,0
5491,26861,89042,0
5492,38813,153331,0
5493,141629,63250,0
5494,80418,80693,0
5495,118588,153423,0
5496,4210,18923,0
5497,22452,118102,0
5498,121541,80194,0
5499,58702,64386,0
5500,13449,87356,0
5501,15937,68265,0
5502,98881,103647,0
5503,11061,9337,0
5504,78081,150299,0
5505,130400,13970,0
5506,143893,29843,0
5507,8377,10195,0
5508,122464,75217,0
5509,93029,72097,0
5510,100873,122373,0
5511,106258,96135,0
5512,31357,154896,0
5513,109790,145477,0
5514,66682,60842,0
5515,58487,130498,0
5516,95204,87794,0
5517,101206,53683,0
5518,153645,145020,0
5519,121232,84679,0
5520,78345,117813,0
5521,1788,44671,0
5522,144646,35874,0
5523,38649,80283,0
5524,134004,49177,0
5525,81199,77870,0
5526,109220,17386,0
5527,56840,21824,0
5528,100277,150997,0
5529,100023,5811,0
5530,11102,98708,0
5531,108499,92317,0
5532,136202,57532,0
5533,36568,87640,0
5534,96246,6215,0
5535,84020,150517,0
5536,152972,146377,0
5537,108316,50627,0
5538,15161,6572,0
5539,98450,144143,0
5540,2500,52802,0
5541,153783,76347,0
5542,20171,141461,0
5543,75198,139060,0
5544,74253,126590,0
5545,36815,42641,0
5546,110386,20860,0
5547,93940,37467,0
5548,80044,4088,0
5549,12698,121488,0
5550,63144,13197,0
5551,53801,80163,0
5552,44789,96162,0
5553,42471,69990,0
5554,22216,19117,0
5555,10976,152397,0
5556,137203,14078,0
5557,24109,134052,0
5558,24399,21080,0
5559,94180,32308,0
5560,154963,10017,0
5561,138219,150206,0
5562,6973,82163,0
5563,19358,24978,0
5564,94074,111520,0
5565,9180,78568,0
5566,1215,66794,0
5567,76323,76559,0
5568,88431,85052,0
5569,3445,150908,0
5570,28420,19217,0
5571,27180,127613,0
5572,27631,123850,0
5573,37373,51518,0
5574,117613,104212,0
5575,65059,137010,0
5576,71600,113279,0
5577,65478,40751,0
5578,35278,52427,0
5579,72942,1334,0
5580,77230,70601,0
5581,88170,69111,0
5582,108341,43823,0
5583,5496,47029,0
5584,101827,121960,0
5585,39804,99151,0
5586,107283,129379,0
5587,56498,9247,0
5588,5939,133298,0
5589,93289,101892,0
5590,144699,69396,0
5591,87617,70672,0
5592,76670,68200,0
5593,40636,70222,0
5594,154561,97510,0
5595,112804,84939,0
5596,107878,80168,0
5597,27078,150501,0
5598,63861,111795,0
5599,150695,106153,0
5600,132560,120508,0
5601,62083,55985,0
5602,99575,27385,0
5603,69718,108827,0
5604,75112,109826,0
5605,41685,127840,0
5606,147541,29045,0
5607,53257,8873,0
5608,44849,78551,0
5609,94291,21332,0
5610,127128,18779,0
5611,145201,32213,0
5612,76035,79560,0
5613,109670,63682,0
5614,100293,106103,0
5615,49657,73184,0
5616,46270,20327,0
5617,87859,141895,0
5618,98603,137873,0
5619,58694,118049,0
5620,117464,2477,0
5621,51100,49443,0
5622,111203,106168,0
5623,72922,46017,0
5624,90111,150972,0
5625,21227,34863,0
5626,110888,109686,0
5627,11238,129660,0
5628,123597,91517,0
5629,98178,99958,0
5630,148363,101280,0
5631,130180,37391,0
5632,44966,64293,0
5633,99226,86456,0
5634,24653,26763,0
5635,110725,54064,0
5636,23132,72577,0
5637,44100,29811,0
5638,128585,117191,0
5639,73993,26050,0
5640,129620,53104,0
5641,143535,66675,0
5642,92356,121193,0
5643,95584,153476,0
5644,94559,54629,0
5645,68427,79768,0
5646,55774,93607,0
5647,115228,21494,0
5648,85106,53516,0
5649,149459,142891,0
5650,123185,98003,0
5651,142113,48944,0
5652,1789,55424,0
5653,39531,48462,0
5654,54862,80725,0
5655,81433,27702,0
5656,127793,117799,0
5657,128040,121364,0
5658,457,100565,0
5659,122741,150632,0
5660,5823,152325,0
5661,4131,61335,0
5662,133966,56002,0
5663,67589,110243,0
5664,22015,86325,0
5665,132801,73429,0
5666,96443,90611,0
5667,143032,96233,0
5668,24119,93924,0
5669,29107,135649,0
5670,18064,112485,0
5671,35756,74779,0
5672,123846,31384,0
5673,18671,82434,0
5674,42104,42062,0
5675,760,131089,0
5676,40344,17782,0
5677,25019,77318,0
5678,91039,62495,0
5679,23772,60964,0
5680,27743,24299,0
5681,112752,109972,0
5682,39579,113756,0
5683,9702,151162,0
5684,64874,125123,0
5685,14612,45774,0
5686,143946,80550,0
5687,51368,2233,0
5688,14418,29147,0
5689,50433,16080,0
5690,31455,155119,0
5691,3135,56928,0
5692,103038,33142,0
5693,34599,133462,0
5694,21012,153948,0
5695,2210,21237,0
5696,142974,23390,0
5697,116709,16559,0
5698,78142,107548,0
5699,118675,68726,0
5700,57950,81182,0
5701,13044,138336,0
5702,818,129102,0
5703,5018,19413,0
5704,54042,46090,0
5705,128222,105483,0
5706,152693,125975,0
5707,47334,5333,0
5708,133445,65748,0
5709,10111,30431,0
5710,43526,73031,0
5711,106471,12592,0
5712,33213,10316,0
5713,43366,102854,0
5714,56857,88637,0
5715,148772,66678,0
5716,117797,42314,0
5717,77356,131443,0
5718,109721,101320,0
5719,8452,126070,0
5720,14234,131486,0
5721,125188,103824,0
5722,84634,149797,0
5723,145158,136421,0
5724,133377,61424,0
5725,90147,29906,0
5726,26925,62427,0
5727,45467,77612,0
5728,18866,147449,0
5729,9151,38,0
5730,145333,94609,0
5731,152433,89265,0
5732,154390,115384,0
5733,79692,130274,0
5734,44557,154764,0
5735,53025,137026,0
5736,7225,135490,0
5737,16199,53064,0
5738,36260,126074,0
5739,41952,35380,0
5740,56437,58682,0
5741,131934,92696,0
5742,60371,124540,0
5743,118779,35648,0
5744,3900,154456,0
5745,3408,96620,0
5746,26561,102233,0
5747,16080,99788,0
5748,150770,97052,0
5749,122714,521,0
5750,36239,33841,0
5751,28449,67784,0
5752,109934,150886,0
5753,75209,70618,0
5754,3245,126031,0
5755,8835,128781,0
5756,99469,141296,0
5757,50546,26003,0
5758,117409,19065,0
5759,40962,111705,0
5760,79016,73967,0
5761,36125,54243,0
5762,32384,1760,0
5763,11191,147848,0
5764,123362,32718,0
5765,117372,90,0
5766,3143,20539,0
5767,138945,102573,0
5768,147033,111054,0
5769,25188,35012,0
5770,114643,13127,0
5771,4724,25302,0
5772,61933,95202,0
5773,6126,13867,0
5774,54768,60596,0
5775,140637,114625,0
5776,125370,133057,0
5777,128706,55348,0
5778,99841,9309,0
5779,118760,85797,0
5780,134278,23192,0
5781,145312,59060,0
5782,87565,105189,0
5783,1013,30956,0
5784,1618,43362,0
5785,117472,129747,0
5786,11550,121853,0
5787,92152,136909,0
5788,69586,145751,0
5789,36234,150318,0
5790,32094,62955,0
5791,85855,91231,0
5792,123357,78823,0
5793,142694,124531,0
5794,6829,45162,0
5795,6981,50221,0
5796,121219,151483,0
5797,86240,87334,0
5798,130715,86335,0
5799,99207,39791,0
5800,41470,12960,0
5801,60101,86008,0
5802,146231,136464,0
5803,119037,121087,0
5804,117037,140767,0
5805,75362,151313,0
5806,75491,149065,0
5807,124826,4989,0
5808,14304,124331,0
5809,13954,61881,0
5810,114660,75723,0
5811,70640,47607,0
5812,9138,24536,0
5813,153857,117068,0
5814,68808,135700,0
5815,7216,46732,0
5816,22016,139101,0
5817,10075,91689,0
5818,3460,91142,0
5819,2689,71500,0
5820,93940,133416,0
5821,84637,71627,0
5822,145775,116186,0
5823,21353,12158,0
5824,102804,140361,0
5825,89853,37208,0
5826,113761,134240,0
5827,77937,121704,0
5828,52256,116420,0
5829,95514,127090,0
5830,51895,49927,0
5831,78663,20893,0
5832,56477,10861,0
5833,56144,96442,0
5834,85942,40059,0
5835,11272,78029,0
5836,55621,38673,0
5837,152203,6871,0
5838,112191,1650,0
5839,48304,148974,0
5840,143075,6178,0
5841,104374,142258,0
5842,135860,86721,0
5843,123756,28532,0
5844,6226,126156,0
5845,32354,16960,0
5846,31428,28341,0
5847,38683,154069,0
5848,87080,78602,0
5849,141447,68830,0
5850,6771,123058,0
5851,105316,139827,0
5852,63742,150929,0
5853,152723,34172,0
5854,76555,152977,0
5855,66154,16814,0
5856,70242,95825,0
5857,21218,28052,0
5858,113495,84467,0
5859,71983,51092,0
5860,118982,37974,0
5861,14685,9865,0
5862,148408,108850,0
5863,91319,82055,0
5864,113991,59377,0
5865,108147,4437,0
5866,82500,44123,0
5867,150913,3986,0
5868,39155,57165,0
5869,153769,97064,0
5870,120745,74642,0
5871,33794,150725,0
5872,31552,31070,0
5873,55049,25552,0
5874,136274,12301,0
5875,112740,3239,0
5876,106434,94175,0
5877,46636,148585,0
5878,99668,26334,0
5879,61555,55903,0
5880,128744,72748,0
5881,26523,82780,0
5882,151942,105800,0
5883,152277,94409,0
5884,153620,99393,0
5885,136651,18041,0
5886,49325,79497,0
5887,31237,51450,0
5888,152968,61,0
5889,126254,54502,0
5890,2863,60984,0
5891,63979,94838,0
5892,65239,34011,0
5893,154917,23559,0
5894,1051,125286,0
5895,109573,153044,0
5896,1138,31059,0
5897,99083,153954,0
5898,73461,20082,0
5899,100806,109855,0
5900,61708,107711,0
5901,19898,102763,0
5902,15474,92929,0
5903,27743,55126,0
5904,33425,38776,0
5905,78708,124566,0
5906,63870,119087,0
5907,87377,129830,0
5908,68130,50756,0
5909,87114,136499,0
5910,66236,56533,0
5911,67326,148980,0
5912,131498,26911,0
5913,95970,33824,0
5914,144291,111031,0
5915,102545,67003,0
5916,47658,40131,0
5917,24571,133646,0
5918,57723,138580,0
5919,40569,132374,0
5920,31557,126132,0
5921,35802,52917,0
5922,97047,81670,0
5923,122042,22312,0
5924,82454,49153,0
5925,124383,41239,0
5926,151846,1046,0
5927,151958,151795,0
5928,106575,141616,0
5929,74303,10860,0
5930,35208,126542,0
5931,75042,148294,0
5932,109402,72152,0
5933,4331,104869,0
5934,30707,150205,0
5935,129497,88687,0
5936,60588,15493,0
5937,70479,41484,0
5938,141598,153062,0
5939,32641,119308,0
5940,49276,78909,0
5941,9943,115550,0
5942,70354,44098,0
5943,130725,78787,0
5944,86472,149579,0
5945,143016,104658,0
5946,59595,115501,0
5947,63509,54377,0
5948,101254,94104,0
5949,63834,54445,0
5950,27056,36080,0
5951,91448,142934,0
5952,55642,128058,0
5953,83414,113266,0
5954,121769,39279,0
5955,109491,125326,0
5956,25264,62635,0
5957,150328,131014,0
5958,86960,53007,0
5959,66934,38553,0
5960,9030,67158,0
5961,25152,128313,0
5962,49352,94455,0
5963,59311,67661,0
5964,24313,69941,0
5965,34445,69411,0
5966,85629,73232,0
5967,140743,29908,0
5968,119264,110310,0
5969,149918,120079,0
5970,56991,144389,0
5971,117425,36059,0
5972,122136,87616,0
5973,27303,44105,0
5974,68329,119456,0
5975,39326,131992,0
5976,145196,130184,0
5977,1398,96767,0
5978,38819,153830,0
5979,57210,36473,0
5980,99084,118640,0
5981,112884,66939,0
5982,101908,73325,0
5983,64677,128100,0
5984,9874,131698,0
5985,139844,90367,0
5986,24713,122547,0
5987,4457,109441,0
5988,130578,131486,0
5989,7957,58925,0
5990,83969,95396,0
5991,70003,47689,0
5992,131419,152234,0
5993,51259,104296,0
5994,111316,54230,0
5995,23482,60111,0
5996,79580,39749,0
5997,130786,76166,0
5998,94015,150340,0
5999,31797,67227,0
6000,111457,4240,0
6001,81124,10085,0
6002,56868,125929,0
6003,123304,58733,0
6004,62813,113029,0
6005,98399,130913,0
6006,26013,114747,0
6007,53628,94710,0
6008,8688,30484,0
6009,44789,117644,0
6010,149968,80996,0
6011,7065,137114,0
6012,136331,139339,0
6013,10846,88076,0
6014,99199,37498,0
6015,77328,115409,0
6016,134508,151540,0
6017,59292,87978,0
6018,85685,113766,0
6019,75216,84338,0
6020,67256,121475,0
6021,12551,99605,0
6022,74472,120991,0
6023,101579,25852,0
6024,14828,141860,0
6025,3331,52176,0
6026,111042,98550,0
6027,95339,51340,0
6028,110219,112775,0
6029,130636,44856,0
6030,1032,27749,0
6031,54374,57451,0
6032,134701,98727,0
6033,19486,59537,0
6034,127942,33417,0
6035,20641,116596,0
6036,139922,98070,0
6037,139020,17024,0
6038,23309,18876,0
6039,83359,152367,0
6040,141555,122942,0
6041,77629,99206,0
6042,68279,87765,0
6043,2860,136734,0
6044,78385,104118,0
6045,61247,62537,0
6046,117032,32274,0
6047,91251,58942,0
6048,147843,356,0
6049,37110,89176,0
6050,46897,63311,0
6051,77632,55053,0
6052,22797,95029,0
6053,21984,145557,0
6054,133054,32747,0
6055,86051,103657,0
6056,86991,94883,0
6057,32600,136960,0
6058,106268,94446,0
6059,143433,62675,0
6060,98438,99150,0
6061,79196,112396,0
6062,132695,109842,0
6063,57924,102910,0
6064,85740,5701,0
6065,103469,71823,0
6066,130327,72805,0
6067,3155,80681,0
6068,153013,59602,0
6069,73263,60802,0
6070,43841,25920,0
6071,81709,147010,0
6072,128542,98871,0
6073,106352,80907,0
6074,125539,51257,0
6075,131517,51494,0
6076,141142,78015,0
6077,115563,56616,0
6078,152514,23926,0
6079,8092,44418,0
6080,113757,93704,0
6081,33143,25461,0
6082,144377,137927,0
6083,125663,126936,0
6084,31003,123086,0
6085,114913,49472,0
6086,11594,97972,0
6087,11803,92504,0
6088,52231,121294,0
6089,117780,17917,0
6090,105796,93582,0
6091,154121,145906,0
6092,149625,39097,0
6093,99873,115434,0
6094,11670,41592,0
6095,74003,76021,0
6096,7491,126884,0
6097,77749,38613,0
6098,5783,56983,0
6099,3098,90187,0
6100,154925,153207,0
6101,49772,79835,0
6102,72252,87139,0
6103,294,73879,0
6104,99573,20880,0
6105,91313,360,0
6106,99729,131665,0
6107,124463,117149,0
6108,11341,93884,0
6109,116214,31100,0
6110,29,60601,0
6111,36763,54676,0
6112,4724,148274,0
6113,141939,39868,0
6114,77130,12057,0
6115,4723,32352,0
6116,128549,145079,0
6117,130759,138187,0
6118,12061,1,0
6119,7306,153932,0
6120,135429,32095,0
6121,3208,102229,0
6122,118155,142744,0
6123,84283,137041,0
6124,104652,98332,0
6125,25737,99402,0
6126,49460,91681,0
6127,117751,40010,0
6128,111017,77438,0
6129,26098,17938,0
6130,144944,46942,0
6131,108653,142937,0
6132,138760,125227,0
6133,30129,68040,0
6134,30553,14631,0
6135,90704,42774,0
6136,53504,15590,0
6137,64690,22171,0
6138,149097,15617,0
6139,75486,120616,0
6140,88614,149648,0
6141,5464,87342,0
6142,78555,36223,0
6143,46733,60220,0
6144,84114,89537,0
6145,38643,78798,0
6146,62344,114784,0
6147,17481,78786,0
6148,109830,92138,0
6149,30174,142728,0
6150,103831,64415,0
6151,137980,258,0
6152,42411,116351,0
6153,38518,88298,0
6154,66177,123667,0
6155,105493,75080,0
6156,117802,19905,0
6157,38764,38481,0
6158,52651,111676,0
6159,122932,105684,0
6160,3996,143748,0
6161,11670,143426,0
6162,46788,23395,0
6163,63720,141007,0
6164,112864,52590,0
6165,132505,17984,0
6166,51096,29614,0
6167,88131,43674,0
6168,78658,76232,0
6169,64268,63601,0
6170,39963,59111,0
6171,60583,153237,0
6172,140625,127035,0
6173,153542,95448,0
6174,129766,73686,0
6175,42053,95758,0
6176,83891,64117,0
6177,150100,113423,0
6178,60884,13995,0
6179,6666,94142,0
6180,41993,154081,0
6181,100748,145819,0
6182,14400,127775,0
6183,61538,121665,0
6184,151442,103650,0
6185,77511,146705,0
6186,112902,15459,0
6187,121031,6109,0
6188,92206,7183,0
6189,145918,91201,0
6190,114110,51421,0
6191,99075,154510,0
6192,33348,148927,0
6193,4870,79645,0
6194,23907,753,0
6195,142195,27520,0
6196,30947,19381,0
6197,32513,84945,0
6198,79750,115046,0
6199,130895,112051,0
6200,83083,17545,0
6201,125589,73413,0
6202,6906,141419,0
6203,28266,97663,0
6204,141214,34781,0
6205,111652,9318,0
6206,32745,134671,0
6207,28234,124614,0
6208,89068,47199,0
6209,102803,41921,0
6210,93667,93263,0
6211,58887,124280,0
6212,152654,48424,0
6213,122224,146239,0
6214,18590,37281,0
6215,125336,81161,0
6216,93093,137137,0
6217,1829,141390,0
6218,106569,118914,0
6219,27770,1980,0
6220,34403,62828,0
6221,3867,126191,0
6222,58359,104856,0
6223,141310,93484,0
6224,116781,105907,0
6225,8330,43488,0
6226,67831,118329,0
6227,88597,117927,0
6228,50568,61732,0
6229,117672,6765,0
6230,81845,23128,0
6231,27097,57638,0
6232,52867,64806,0
6233,4552,61960,0
6234,89784,72053,0
6235,70224,100497,0
6236,141518,19597,0
6237,149371,64175,0
6238,125054,54746,0
6239,36675,110667,0
6240,61667,44201,0
6241,150763,14610,0
6242,47644,17985,0
6243,96156,16888,0
6244,142932,83404,0
6245,86878,46721,0
6246,38683,146637,0
6247,85317,151374,0
6248,4722,13093,0
6249,140485,78794,0
6250,76793,12103,0
6251,49041,71917,0
6252,48252,76248,0
6253,43754,19642,0
6254,150481,128259,0
6255,47609,84003,0
6256,127277,14599,0
6257,54310,126225,0
6258,57775,9954,0
6259,110535,104087,0
6260,120679,71598,0
6261,69052,55819,0
6262,97962,93792,0
6263,85334,87365,0
6264,27949,125534,0
6265,17794,146101,0
6266,20832,128499,0
6267,106013,126270,0
6268,47358,80823,0
6269,92354,125363,0
6270,17047,32333,0
6271,11398,56491,0
6272,90103,55194,0
6273,42298,138892,0
6274,98807,3226,0
6275,121197,122629,0
6276,111091,60215,0
6277,47857,52260,0
6278,86744,143346,0
6279,96841,116281,0
6280,154997,8710,0
6281,39715,75586,0
6282,38058,71118,0
6283,85656,112712,0
6284,1303,154157,0
6285,23900,113529,0
6286,80430,67387,0
6287,130264,149992,0
6288,115671,43057,0
6289,16840,28289,0
6290,58347,124253,0
6291,41386,138411,0
6292,148827,18773,0
6293,132524,5350,0
6294,27484,42007,0
6295,101047,45398,0
6296,88110,20501,0
6297,63819,34030,0
6298,48365,36087,0
6299,108679,88025,0
6300,53422,145834,0
6301,148554,125333,0
6302,96844,147915,0
6303,36903,132127,0
6304,97109,119484,0
6305,48834,136475,0
6306,45417,114826,0
6307,37669,88106,0
6308,61918,28927,0
6309,116928,135472,0
6310,137725,70341,0
6311,62857,22942,0
6312,86457,152138,0
6313,84011,151095,0
6314,111826,114706,0
6315,45679,31887,0
6316,16923,34979,0
6317,50941,142286,0
6318,61161,46093,0
6319,84263,114578,0
6320,44113,97700,0
6321,141555,152113,0
6322,88839,99520,0
6323,59229,80958,0
6324,11540,139111,0
6325,78349,131951,0
6326,48059,127469,0
6327,14515,151181,0
6328,107135,122530,0
6329,7255,147117,0
6330,133175,51813,0
6331,106289,55703,0
6332,125382,28179,0
6333,122386,108140,0
6334,154724,136439,0
6335,132653,16839,0
6336,27279,47935,0
6337,33902,98368,0
6338,48049,40660,0
6339,39046,31108,0
6340,118774,18484,0
6341,134193,141663,0
6342,1321,9998,0
6343,134601,23273,0
6344,6758,129817,0
6345,76349,84327,0
6346,119215,32618,0
6347,2337,14403,0
6348,72762,62504,0
6349,39383,56694,0
6350,86626,104615,0
6351,78272,117362,0
6352,22175,48963,0
6353,98130,2924,0
6354,70341,57176,0
6355,323,82569,0
6356,132227,50889,0
6357,31977,97907,0
6358,33016,134137,0
6359,15915,153717,0
6360,20231,70781,0
6361,143868,104353,0
6362,140164,40173,0
6363,14834,117537,0
6364,124398,5226,0
6365,146350,114752,0
6366,59459,93455,0
6367,5048,115484,0
6368,14223,56601,0
6369,91003,16313,0
6370,102295,91422,0
6371,139394,133153,0
6372,75160,41931,0
6373,77742,14608,0
6374,43189,90915,0
6375,71061,42808,0
6376,144286,55970,0
6377,38943,147575,0
6378,818,8451,0
6379,247,46385,0
6380,90699,154325,0
6381,22990,17778,0
6382,147568,23499,0
6383,27377,147184,0
6384,103473,38068,0
6385,45373,35095,0
6386,71075,141205,0
6387,20352,94868,0
6388,85798,127388,0
6389,93839,110643,0
6390,75577,34316,0
6391,22196,13546,0
6392,39458,97382,0
6393,65473,79125,0
6394,98000,154095,0
6395,61324,77195,0
6396,116957,93495,0
6397,70644,139720,0
6398,110207,122770,0
6399,55304,37255,0
6400,126508,148197,0
6401,134276,41576,0
6402,71417,62272,0
6403,87827,149247,0
6404,66135,32109,0
6405,102466,38403,0
6406,46614,6241,0
6407,7133,130449,0
6408,148354,39195,0
6409,59,656,0
6410,154628,78378,0
6411,109640,108227,0
6412,149424,120543,0
6413,17498,137464,0
6414,53972,16948,0
6415,23355,99126,0
6416,22724,108022,0
6417,29509,43686,0
6418,10350,85991,0
6419,145431,81970,0
6420,36671,110664,0
6421,40859,109394,0
6422,27227,142614,0
6423,138661,29550,0
6424,65048,153452,0
6425,141349,153721,0
6426,45060,96472,0
6427,52547,22597,0
6428,115931,44361,0
6429,148858,22680,0
6430,137332,140556,0
6431,11977,140191,0
6432,44998,55329,0
6433,138169,11195,0
6434,137073,22182,0
6435,18674,134756,0
6436,142426,110297,0
6437,75249,70559,0
6438,153,9531,0
6439,19543,26391,0
6440,117479,125895,0
6441,131970,150245,0
6442,116274,138618,0
6443,58622,18449,0
6444,113942,49517,0
6445,7758,61683,0
6446,42818,142267,0
6447,135819,110384,0
6448,47587,53829,0
6449,6467,65378,0
6450,23803,6333,0
6451,59843,3860,0
6452,118259,149536,0
6453,37680,49520,0
6454,97288,37100,0
6455,57166,69203,0
6456,83130,6850,0
6457,80335,114837,0
6458,138445,100788,0
6459,14144,120432,0
6460,55692,9823,0
6461,48173,124887,0
6462,130989,89479,0
6463,12485,4846,0
6464,28126,61547,0
6465,41028,53609,0
6466,43812,33497,0
6467,62667,88357,0
6468,103927,150586,0
6469,82511,132976,0
6470,54347,21693,0
6471,99456,113557,0
6472,5934,92378,0
6473,90296,57290,0
6474,3347,26314,0
6475,21353,111499,0
6476,105573,149277,0
6477,131590,127742,0
6478,94955,150064,0
6479,143253,51940,0
6480,100169,102672,0
6481,85579,91439,0
6482,64753,145187,0
6483,118883,97300,0
6484,50063,105852,0
6485,43752,110283,0
6486,135897,135531,0
6487,147650,79495,0
6488,106592,63265,0
6489,152910,4860,0
6490,143145,14559,0
6491,46391,45856,0
6492,148881,117130,0
6493,9111,97810,0
6494,45280,3649,0
6495,84961,16080,0
6496,38558,22973,0
6497,117561,26829,0
6498,139277,86773,0
6499,44864,151957,0
6500,110333,46292,0
6501,152614,89113,0
6502,12074,93013,0
6503,72439,100561,0
6504,127098,17520,0
6505,134473,121638,0
6506,125102,106642,0
6507,139741,85496,0
6508,121322,45734,0
6509,43163,22995,0
6510,32004,79329,0
6511,65196,21791,0
6512,125389,110581,0
6513,111953,135665,0
6514,92763,61184,0
6515,134967,69952,0
6516,19119,58704,0
6517,110193,36938,0
6518,74571,5601,0
6519,60972,22208,0
6520,92262,62717,0
6521,84130,131760,0
6522,20231,4587,0
6523,29272,152348,0
6524,137915,51576,0
6525,45080,122346,0
6526,100045,6261,0
6527,52575,11936,0
6528,41999,17753,0
6529,97350,70676,0
6530,143642,140904,0
6531,108456,84893,0
6532,75473,73329,0
6533,79446,114731,0
6534,96836,60455,0
6535,148867,26707,0
6536,133385,98859,0
6537,54782,52732,0
6538,125543,109276,0
6539,100550,74899,0
6540,18849,60499,0
6541,134414,155144,0
6542,134862,117851,0
6543,101657,104290,0
6544,23603,16598,0
6545,51484,80932,0
6546,34128,15176,0
6547,39482,89021,0
6548,133344,16817,0
6549,21004,56437,0
6550,68679,67,0
6551,25588,26719,0
6552,44667,122247,0
6553,54916,152402,0
6554,25930,122116,0
6555,73392,117610,0
6556,71178,6636,0
6557,106526,90819,0
6558,132943,127696,0
6559,68718,15978,0
6560,23988,144686,0
6561,74166,29225,0
6562,7217,92312,0
6563,46726,53135,0
6564,143403,121978,0
6565,84891,69872,0
6566,40773,46095,0
6567,7854,144314,0
6568,80552,37092,0
6569,52117,51723,0
6570,105157,71071,0
6571,109530,60140,0
6572,49065,152436,0
6573,20642,104302,0
6574,7954,48822,0
6575,91645,57478,0
6576,152856,139782,0
6577,18326,141350,0
6578,113724,72884,0
6579,33806,128956,0
6580,43319,62511,0
6581,142573,29615,0
6582,114453,85091,0
6583,44383,26821,0
6584,109024,20985,0
6585,39693,85752,0
6586,116461,81767,0
6587,54070,129200,0
6588,74900,16240,0
6589,134556,80920,0
6590,75720,13572,0
6591,134494,141112,0
6592,60316,38123,0
6593,84445,147497,0
6594,92117,150892,0
6595,148471,21487,0
6596,74950,50749,0
6597,60539,56698,0
6598,74107,48915,0
6599,137743,94214,0
6600,149276,119989,0
6601,42775,88241,0
6602,31034,152529,0
6603,86005,107751,0
6604,937,84111,0
6605,31323,117921,0
6606,55573,70607,0
6607,154025,27161,0
6608,74750,149483,0
6609,81584,65960,0
6610,153834,55586,0
6611,36128,5061,0
6612,114883,65885,0
6613,154946,74359,0
6614,136816,113470,0
6615,48038,140166,0
6616,153268,105542,0
6617,110216,5313,0
6618,75339,78304,0
6619,65050,23113,0
6620,40696,45611,0
6621,17326,152634,0
6622,1028,41485,0
6623,144210,96519,0
6624,25751,73701,0
6625,75816,84726,0
6626,142526,58378,0
6627,52376,53894,0
6628,49673,136397,0
6629,15238,41760,0
6630,124321,87489,0
6631,134119,5925,0
6632,10185,77812,0
6633,121359,111311,0
6634,83825,39305,0
6635,76101,139181,0
6636,81905,144260,0
6637,91231,15711,0
6638,50450,75165,0
6639,6577,103122,0
6640,149794,43921,0
6641,87973,63389,0
6642,39928,149431,0
6643,107766,20707,0
6644,28860,9155,0
6645,97861,54987,0
6646,148273,127045,0
6647,119205,60286,0
6648,93624,145925,0
6649,8923,60092,0
6650,103132,23338,0
6651,6835,45099,0
6652,84558,92167,0
6653,49322,138861,0
6654,130313,3280,0
6655,69979,16769,0
6656,17767,143043,0
6657,106368,24122,0
6658,11916,121195,0
6659,140964,14168,0
6660,57319,37438,0
6661,151353,108043,0
6662,83874,36360,0
6663,92587,10657,0
6664,20147,61029,0
6665,78760,129945,0
6666,33709,40805,0
6667,98973,50260,0
6668,115457,71617,0
6669,143702,98172,0
6670,106069,66334,0
6671,87872,57558,0
6672,89092,60075,0
6673,14964,115208,0
6674,125026,9998,0
6675,99903,4663,0
6676,77981,94283,0
6677,149843,69522,0
6678,22386,114416,0
6679,11694,106647,0
6680,109107,39915,0
6681,20074,1125,0
6682,136718,39788,0
6683,76584,76518,0
6684,152404,89235,0
6685,68236,81277,0
6686,31258,24470,0
6687,106401,3436,0
6688,2208,154758,0
6689,57243,111880,0
6690,42151,142435,0
6691,139006,25830,0
6692,63095,15287,0
6693,124574,75063,0
6694,120803,119695,0
6695,110890,134641,0
6696,24839,2724,0
6697,147170,124983,0
6698,38089,75063,0
6699,30947,151703,0
6700,137743,9717,0
6701,113219,92861,0
6702,60051,78463,0
6703,97319,30275,0
6704,84090,68970,0
6705,142156,62957,0
6706,55693,10890,0
6707,97742,21467,0
6708,108698,106604,0
6709,66636,104956,0
6710,38864,31424,0
6711,125027,106230,0
6712,126489,8261,0
6713,110223,84986,0
6714,87145,36588,0
6715,109930,35145,0
6716,146776,22961,0
6717,34306,115208,0
6718,150627,120656,0
6719,100626,110175,0
6720,8535,38826,0
6721,101144,103112,0
6722,63611,139230,0
6723,8252,107389,0
6724,146439,101678,0
6725,50024,105914,0
6726,9314,107534,0
6727,40631,39967,0
6728,105066,18269,0
6729,67246,12087,0
6730,126607,138629,0
6731,144047,63690,0
6732,89267,125983,0
6733,139969,76980,0
6734,127569,62865,0
6735,59292,144097,0
6736,1302,96213,0
6737,46098,82786,0
6738,134976,145084,0
6739,117912,70743,0
6740,46884,87191,0
6741,58729,126747,0
6742,152652,51617,0
6743,131328,89658,0
6744,17349,2938,0
6745,17928,115370,0
6746,143657,78805,0
6747,105756,152789,0
6748,130421,35687,0
6749,54565,76505,0
6750,141071,114930,0
6751,64975,117987,0
6752,50297,143476,0
6753,66527,18626,0
6754,20596,142209,0
6755,75850,135893,0
6756,40916,43287,0
6757,22439,108048,0
6758,147259,86036,0
6759,3079,92713,0
6760,64796,114028,0
6761,19640,150725,0
6762,31153,148343,0
6763,42220,83899,0
6764,31760,90999,0
6765,13463,57746,0
6766,117057,38110,0
6767,87586,21048,0
6768,121325,53259,0
6769,19556,137158,0
6770,30357,14147,0
6771,125899,131255,0
6772,149197,94922,0
6773,141328,136518,0
6774,129199,80336,0
6775,100832,90216,0
6776,113925,115106,0
6777,32372,84771,0
6778,139508,23811,0
6779,33462,114061,0
6780,78683,128355,0
6781,100030,138494,0
6782,32690,22037,0
6783,34014,19231,0
6784,61826,138614,0
6785,35155,113357,0
6786,50029,94535,0
6787,5055,19402,0
6788,14053,72499,0
6789,41707,154334,0
6790,108809,67112,0
6791,70998,27500,0
6792,149418,151732,0
6793,150749,46166,0
6794,1793,101028,0
6795,2643,78828,0
6796,67603,67732,0
6797,144281,30052,0
6798,129463,129082,0
6799,110041,93476,0
6800,90896,121719,0
6801,148328,119668,0
6802,100559,88220,0
6803,4464,29807,0
6804,57988,555,0
6805,127951,140611,0
6806,14322,14896,0
6807,108761,99932,0
6808,56891,136495,0
6809,122619,83813,0
6810,119776,28202,0
6811,74236,15956,0
6812,107423,55835,0
6813,84231,124595,0
6814,72503,149116,0
6815,34202,60795,0
6816,21903,49946,0
6817,102023,148323,0
6818,29984,19764,0
6819,108400,78888,0
6820,98815,122761,0
6821,56922,127911,0
6822,84705,131051,0
6823,25056,98591,0
6824,85373,78397,0
6825,38048,21842,0
6826,105397,126257,0
6827,12339,42797,0
6828,143612,118917,0
6829,140129,69434,0
6830,24986,97608,0
6831,88876,61074,0
6832,93063,62831,0
6833,10476,86892,0
6834,100723,55715,0
6835,19807,152651,0
6836,5361,11242,0
6837,107697,50724,0
6838,122739,119409,0
6839,86855,126736,0
6840,138056,37406,0
6841,51720,132028,0
6842,65572,70052,0
6843,58007,64565,0
6844,88550,101039,0
6845,77700,126080,0
6846,147424,50735,0
6847,40537,69594,0
6848,11407,1713,0
6849,132410,90964,0
6850,80260,32301,0
6851,86909,151489,0
6852,57880,52121,0
6853,5976,21541,0
6854,137102,93191,0
6855,86916,145453,0
6856,79833,35429,0
6857,145831,101268,0
6858,48807,45845,0
6859,45538,100283,0
6860,144519,50224,0
6861,129611,17448,0
6862,153124,132671,0
6863,151796,122801,0
6864,12379,119704,0
6865,7129,14705,0
6866,105269,75460,0
6867,20264,43195,0
6868,14501,101932,0
6869,45597,128863,0
6870,48669,38471,0
6871,92450,152753,0
6872,31411,64932,0
6873,61197,2748,0
6874,40166,57251,0
6875,31421,115668,0
6876,112474,49505,0
6877,106814,81322,0
6878,125750,13838,0
6879,150100,40154,0
6880,51189,127272,0
6881,148759,30905,0
6882,70163,14426,0
6883,38021,66261,0
6884,28240,117767,0
6885,100436,36605,0
6886,32172,47761,0
6887,8286,55655,0
6888,79199,64983,0
6889,95219,75131,0
6890,45027,137,0
6891,91279,139169,0
6892,91901,118646,0
6893,50748,112106,0
6894,53024,152139,0
6895,47758,60320,0
6896,87400,73996,0
6897,103216,17503,0
6898,108546,105676,0
6899,99681,11262,0
6900,120853,15380,0
6901,84782,58490,0
6902,39832,154933,0
6903,151169,41853,0
6904,135461,24770,0
6905,82150,97345,0
6906,122695,37967,0
6907,92596,6841,0
6908,31435,151595,0
6909,11052,61210,0
6910,4800,35623,0
6911,115694,64330,0
6912,39917,152626,0
6913,75090,88126,0
6914,34894,38380,0
6915,67456,13955,0
6916,148363,57393,0
6917,59810,10737,0
6918,46706,26346,0
6919,83352,61888,0
6920,18538,28989,0
6921,37634,84813,0
6922,149947,33462,0
6923,134066,8541,0
6924,204,106283,0
6925,149050,2668,0
6926,122707,144359,0
6927,114491,57271,0
6928,73656,107384,0
6929,4496,140548,0
6930,130359,154672,0
6931,75657,131418,0
6932,44317,132849,0
6933,137878,30812,0
6934,97818,29961,0
6935,76076,21938,0
6936,69344,94826,0
6937,43968,83579,0
6938,95201,24960,0
6939,103019,97834,0
6940,36913,46264,0
6941,129534,131619,0
6942,57064,13615,0
6943,124468,17362,0
6944,786,120804,0
6945,49982,30345,0
6946,90121,145959,0
6947,128663,34759,0
6948,20844,5253,0
6949,106367,28977,0
6950,131691,37115,0
6951,60812,114384,0
6952,124037,133456,0
6953,124057,106066,0
6954,13659,138923,0
6955,35926,115009,0
6956,115635,10899,0
6957,93896,38823,0
6958,122179,111912,0
6959,148618,84521,0
6960,60870,28392,0
6961,1426,29359,0
6962,62059,58723,0
6963,34790,111988,0
6964,66934,17651,0
6965,124137,153025,0
6966,52953,148027,0
6967,117136,85514,0
6968,67575,71677,0
6969,109065,115037,0
6970,80029,59664,0
6971,92129,12976,0
6972,105469,137826,0
6973,2254,39478,0
6974,126046,20237,0
6975,32680,140042,0
6976,144757,23237,0
6977,119229,5847,0
6978,132222,90671,0
6979,97877,63584,0
6980,106217,47311,0
6981,25624,140420,0
6982,128596,118523,0
6983,127511,128184,0
6984,95562,106910,0
6985,148482,7493,0
6986,19948,23879,0
6987,117340,45275,0
6988,51539,2794,0
6989,9069,71244,0
6990,129292,3958,0
6991,86548,40177,0
6992,9373,5945,0
6993,49971,29977,0
6994,142947,123619,0
6995,154683,13462,0
6996,134483,14471,0
6997,97801,61466,0
6998,26741,46881,0
6999,60996,135123,0
7000,25353,76054,0
7001,113006,72796,0
7002,33019,8798,0
7003,110142,31439,0
7004,91744,81989,0
7005,59082,99350,0
7006,50234,80139,0
7007,7578,82067,0
7008,45552,137880,0
7009,85006,74477,0
7010,56031,94979,0
7011,38626,111097,0
7012,57972,43609,0
7013,127355,13401,0
7014,141566,154737,0
7015,27835,13436,0
7016,63047,61400,0
7017,76722,11760,0
7018,10235,46791,0
7019,6959,551,0
7020,7299,124059,0
7021,92458,124161,0
7022,105195,153044,0
7023,122477,127440,0
7024,74796,68140,0
7025,152184,105274,0
7026,81157,118141,0
7027,106031,19316,0
7028,146991,46364,0
7029,109058,131124,0
7030,82039,144295,0
7031,143110,111474,0
7032,25707,127569,0
7033,83380,44381,0
7034,103612,84868,0
7035,26493,63527,0
7036,93001,15199,0
7037,61928,8730,0
7038,124400,75662,0
7039,8385,84451,0
7040,121064,153633,0
7041,56360,106420,0
7042,12485,68555,0
7043,28000,140410,0
7044,64366,55851,0
7045,140929,27174,0
7046,152334,71028,0
7047,91625,105135,0
7048,71544,79949,0
7049,93034,47937,0
7050,134869,110392,0
7051,40648,103501,0
7052,1948,152157,0
7053,147011,146740,0
7054,144917,73096,0
7055,152556,5866,0
7056,29410,4089,0
7057,102892,116660,0
7058,34668,55865,0
7059,94731,37326,0
7060,20330,22438,0
7061,98153,5925,0
7062,154147,13131,0
7063,71248,30871,0
7064,148627,87289,0
7065,12565,59453,0
7066,39404,87990,0
7067,8139,72767,0
7068,45653,129338,0
7069,50964,150446,0
7070,105519,58690,0
7071,111378,108558,0
7072,10846,117866,0
7073,127723,105395,0
7074,84200,6579,0
7075,133520,143047,0
7076,14515,129402,0
7077,38649,13103,0
7078,63875,39636,0
7079,90538,96585,0
7080,45554,53092,0
7081,62687,1717,0
7082,106258,114920,0
7083,9857,67054,0
7084,3936,87071,0
7085,19032,149490,0
7086,47417,39357,0
7087,67197,153085,0
7088,128944,98157,0
7089,148778,38661,0
7090,47510,145807,0
7091,30622,139926,0
7092,57877,141509,0
7093,92514,9820,0
7094,109205,87049,0
7095,96891,127628,0
7096,99457,147176,0
7097,98973,127087,0
7098,37631,2645,0
7099,97511,36760,0
7100,50633,27293,0
7101,115490,69634,0
7102,66116,88236,0
7103,143315,69820,0
7104,108762,8250,0
7105,112350,72720,0
7106,20318,10432,0
7107,132314,107461,0
7108,153309,63812,0
7109,97930,88861,0
7110,23410,70066,0
7111,35756,688,0
7112,78716,2160,0
7113,45301,24749,0
7114,127776,55937,0
7115,58636,47953,0
7116,19388,3767,0
7117,52891,67956,0
7118,152155,61410,0
7119,47161,58132,0
7120,112570,5843,0
7121,13239,86500,0
7122,65919,97389,0
7123,24487,6667,0
7124,621,110392,0
7125,52931,41057,0
7126,19616,57362,0
7127,93018,26102,0
7128,80023,116497,0
7129,65977,71439,0
7130,41715,95148,0
7131,1696,24836,0
7132,143282,42766,0
7133,14915,48130,0
7134,6359,123777,0
7135,37030,11927,0
7136,41044,105971,0
7137,127123,61660,0
7138,53623,60343,0
7139,50180,44725,0
7140,73406,43068,0
7141,64637,141354,0
7142,25294,103137,0
7143,56754,3099,0
7144,37525,150244,0
7145,18020,145805,0
7146,116753,87276,0
7147,73236,110540,0
7148,46529,79204,0
7149,51344,15971,0
7150,129116,77341,0
7151,75773,56346,0
7152,68635,99438,0
7153,24050,143232,0
7154,4784,132545,0
7155,88324,16920,0
7156,107866,40097,0
7157,47879,28829,0
7158,41667,152686,0
7159,33670,115415,0
7160,116217,139540,0
7161,57230,138978,0
7162,137119,50952,0
7163,140129,16540,0
7164,104081,26813,0
7165,134368,100138,0
7166,74156,132050,0
7167,144017,6207,0
7168,14992,91202,0
7169,88040,81221,0
7170,16330,30346,0
7171,124815,55899,0
7172,144682,88371,0
7173,31050,10860,0
7174,149189,144445,0
7175,139356,41485,0
7176,19513,66269,0
7177,70753,93744,0
7178,47640,116188,0
7179,144324,147353,0
7180,11249,28331,0
7181,91493,94787,0
7182,14321,139471,0
7183,141153,143878,0
7184,95011,86103,0
7185,135641,30696,0
7186,1243,2250,0
7187,26938,46232,0
7188,113737,78358,0
7189,93505,62655,0
7190,115039,65423,0
7191,103528,93546,0
7192,42578,128550,0
7193,88818,70688,0
7194,110214,135487,0
7195,88549,105864,0
7196,66509,121748,0
7197,145821,144159,0
7198,93641,128121,0
7199,151736,66033,0
7200,108349,50304,0
7201,23449,145828,0
7202,118,117902,0
7203,11471,54124,0
7204,136647,49383,0
7205,96463,10413,0
7206,22219,53241,0
7207,117737,50893,0
7208,45537,42431,0
7209,59024,139636,0
7210,144767,137768,0
7211,52470,405,0
7212,88035,104301,0
7213,36792,135937,0
7214,48289,149983,0
7215,42108,74268,0
7216,42852,92820,0
7217,9673,73415,0
7218,69414,124175,0
7219,45356,38657,0
7220,38355,125731,0
7221,101904,137800,0
7222,153076,49015,0
7223,58432,106725,0
7224,33780,76370,0
7225,14092,134333,0
7226,115255,136319,0
7227,6480,21108,0
7228,99555,22998,0
7229,149249,89516,0
7230,40495,62688,0
7231,56106,115085,0
7232,82222,74049,0
7233,103552,41892,0
7234,75393,91993,0
7235,55840,29524,0
7236,154158,1268,0
7237,92482,119720,0
7238,75235,114581,0
7239,107388,1738,0
7240,141304,12542,0
7241,35162,101986,0
7242,89374,51546,0
7243,9012,82258,0
7244,93349,46260,0
7245,109268,28907,0
7246,41919,130663,0
7247,108392,21932,0
7248,113304,31258,0
7249,92639,85995,0
7250,61018,130115,0
7251,109798,28274,0
7252,39239,82781,0
7253,112772,46487,0
7254,134396,100886,0
7255,53137,120372,0
7256,103475,154262,0
7257,82453,106697,0
7258,74797,152166,0
7259,28559,131713,0
7260,24334,21713,0
7261,107880,7027,0
7262,130812,25885,0
7263,142095,74025,0
7264,124367,147387,0
7265,9800,23377,0
7266,48595,51948,0
7267,5063,69997,0
7268,28792,115619,0
7269,101447,73696,0
7270,39098,4387,0
7271,62006,91251,0
7272,42194,125468,0
7273,143928,89180,0
7274,62782,125589,0
7275,30653,125395,0
7276,118377,26583,0
7277,152605,128311,0
7278,120821,98650,0
7279,152917,50769,0
7280,33907,137449,0
7281,150792,30422,0
7282,126837,123466,0
7283,70923,134861,0
7284,97986,148277,0
7285,109997,12764,0
7286,90622,42919,0
7287,128086,149797,0
7288,74559,122158,0
7289,116301,150064,0
7290,93273,145778,0
7291,30556,14944,0
7292,35023,77824,0
7293,37130,2807,0
7294,96031,144921,0
7295,40561,39228,0
7296,9736,41622,0
7297,36758,74061,0
7298,43870,49714,0
7299,140314,101738,0
7300,115810,8807,0
7301,123116,43670,0
7302,85872,70170,0
7303,48489,116087,0
7304,12205,31476,0
7305,115793,92507,0
7306,8278,113748,0
7307,150277,95435,0
7308,135041,38511,0
7309,33413,122234,0
7310,34170,151953,0
7311,37428,72568,0
7312,88683,53228,0
7313,108308,149878,0
7314,71746,8006,0
7315,80737,124675,0
7316,147948,90295,0
7317,89567,100605,0
7318,66007,39319,0
7319,130499,144918,0
7320,120406,1655,0
7321,104430,142458,0
7322,65550,49953,0
7323,130106,97885,0
7324,154034,46614,0
7325,117539,6658,0
7326,63458,37964,0
7327,4484,21615,0
7328,15148,114511,0
7329,82825,10575,0
7330,16191,71379,0
7331,140844,88013,0
7332,114741,54614,0
7333,95585,31107,0
7334,71885,146481,0
7335,59756,105809,0
7336,103086,44662,0
7337,52184,141500,0
7338,45839,144430,0
7339,4976,617,0
7340,76906,144368,0
7341,79054,109380,0
7342,9447,101961,0
7343,53806,34039,0
7344,106414,78906,0
7345,85375,152591,0
7346,35436,95193,0
7347,42825,73955,0
7348,111050,36896,0
7349,108045,153768,0
7350,23290,54300,0
7351,52598,100009,0
7352,6918,68599,0
7353,39689,87308,0
7354,25152,67462,0
7355,132137,96491,0
7356,23189,86059,0
7357,25180,52719,0
7358,108128,76357,0
7359,58610,103871,0
7360,87271,367,0
7361,69022,113317,0
7362,43034,20691,0
7363,67404,24190,0
7364,22341,25978,0
7365,111264,35404,0
7366,6996,138212,0
7367,57759,99436,0
7368,104082,28895,0
7369,57317,80264,0
7370,139917,135994,0
7371,41595,49425,0
7372,47960,75319,0
7373,9509,34168,0
7374,90215,21628,0
7375,116734,120427,0
7376,118312,56666,0
7377,76688,140915,0
7378,120610,91823,0
7379,45372,41897,0
7380,120842,36272,0
7381,5063,145444,0
7382,129811,73073,0
7383,46419,74822,0
7384,20564,113619,0
7385,129259,127576,0
7386,117841,154980,0
7387,7569,131090,0
7388,39637,16763,0
7389,44419,89751,0
7390,15849,139316,0
7391,142211,107382,0
7392,78647,122717,0
7393,24856,108700,0
7394,98468,138336,0
7395,113364,124407,0
7396,136156,154580,0
7397,112578,47083,0
7398,26189,83816,0
7399,123818,115841,0
7400,20014,89938,0
7401,150564,41464,0
7402,146093,145606,0
7403,42379,17912,0
7404,25518,131440,0
7405,124900,47274,0
7406,57787,149681,0
7407,17413,89687,0
7408,38927,13632,0
7409,69210,20337,0
7410,75295,34036,0
7411,75809,138157,0
7412,98821,12752,0
7413,26061,50288,0
7414,107565,71516,0
7415,72301,62018,0
7416,97095,102863,0
7417,41963,46267,0
7418,127157,13470,0
7419,89070,668,0
7420,119340,84648,0
7421,111093,92516,0
7422,65282,86914,0
7423,35099,154039,0
7424,95594,142654,0
7425,6789,135609,0
7426,77961,630,0
7427,109850,95764,0
7428,260,122667,0
7429,38698,44310,0
7430,49015,33218,0
7431,144980,47190,0
7432,133282,107382,0
7433,108730,15004,0
7434,26161,44858,0
7435,32151,61659,0
7436,71885,62186,0
7437,116045,14671,0
7438,88176,87393,0
7439,33870,12367,0
7440,6991,16824,0
7441,127519,99107,0
7442,105032,21250,0
7443,118464,140326,0
7444,39250,76174,0
7445,152807,50378,0
7446,110702,63196,0
7447,8810,104119,0
7448,127541,128397,0
7449,19622,100710,0
7450,23897,145619,0
7451,94645,99997,0
7452,63129,124773,0
7453,24709,24770,0
7454,55367,34917,0
7455,70661,69422,0
7456,28126,37586,0
7457,126556,1258,0
7458,91308,96715,0
7459,8543,8794,0
7460,60127,67720,0
7461,141309,2316,0
7462,43348,124066,0
7463,142998,114161,0
7464,134322,91454,0
7465,123493,154969,0
7466,55328,147657,0
7467,141345,148470,0
7468,16290,132356,0
7469,1842,10384,0
7470,70801,111245,0
7471,97866,89391,0
7472,116369,25882,0
7473,146643,23888,0
7474,49675,16307,0
7475,136140,62914,0
7476,56817,107698,0
7477,8377,109381,0
7478,16800,20315,0
7479,37699,74303,0
7480,154365,108598,0
7481,140453,64207,0
7482,49835,22176,0
7483,130145,26821,0
7484,39486,114210,0
7485,103095,98756,0
7486,36872,7957,0
7487,118409,15107,0
7488,13485,108017,0
7489,57917,131883,0
7490,85519,33878,0
7491,1390,152877,0
7492,37110,78674,0
7493,24383,46392,0
7494,20411,154833,0
7495,127872,130409,0
7496,123756,36778,0
7497,136979,7118,0
7498,115113,15830,0
7499,23543,94920,0
7500,28800,96780,0
7501,89182,148828,0
7502,112704,107911,0
7503,86143,14491,0
7504,100205,62218,0
7505,103974,12959,0
7506,6502,88485,0
7507,107722,51917,0
7508,47023,7173,0
7509,92167,86156,0
7510,4408,69954,0
7511,114665,134097,0
7512,4785,95388,0
7513,84609,94876,0
7514,11773,59359,0
7515,76973,88056,0
7516,102420,137998,0
7517,49211,80855,0
7518,150730,148869,0
7519,139573,82043,0
7520,118043,136380,0
7521,81152,88613,0
7522,84028,110343,0
7523,101193,117864,0
7524,39452,20263,0
7525,118055,4351,0
7526,77393,121188,0
7527,18226,74335,0
7528,25431,40857,0
7529,148301,32316,0
7530,135509,71398,0
7531,99567,7871,0
7532,112395,15864,0
7533,149374,72992,0
7534,94816,76066,0
7535,71570,126343,0
7536,83607,55544,0
7537,152664,76665,0
7538,56972,23960,0
7539,146624,38646,0
7540,41905,26495,0
7541,153598,10779,0
7542,129214,22170,0
7543,106054,153221,0
7544,27278,34588,0
7545,28089,59019,0
7546,95269,142763,0
7547,69267,76998,0
7548,31869,58187,0
7549,13394,83125,0
7550,2133,31313,0
7551,123484,134067,0
7552,46848,52347,0
7553,66853,111674,0
7554,144339,78998,0
7555,97850,139400,0
7556,96033,13669,0
7557,37282,66977,0
7558,28909,136560,0
7559,148508,32546,0
7560,49812,43446,0
7561,104044,93634,0
7562,92805,63520,0
7563,144807,151272,0
7564,140222,154543,0
7565,50630,81316,0
7566,72217,145709,0
7567,64783,143265,0
7568,49913,77290,0
7569,123724,44665,0
7570,52166,71773,0
7571,73613,128828,0
7572,133506,122590,0
7573,146739,36173,0
7574,20834,759,0
7575,74220,24083,0
7576,36254,62295,0
7577,45281,154069,0
7578,144049,83027,0
7579,34972,85996,0
7580,155124,74732,0
7581,18066,9543,0
7582,40422,122328,0
7583,31102,127819,0
7584,50191,147778,0
7585,146995,12943,0
7586,31006,136885,0
7587,131174,71970,0
7588,40246,72116,0
7589,9202,67391,0
7590,111232,53682,0
7591,121329,108037,0
7592,37055,60737,0
7593,117921,82230,0
7594,126181,141184,0
7595,115244,94027,0
7596,111437,122472,0
7597,95494,15443,0
7598,128145,81687,0
7599,9438,56182,0
7600,14649,103069,0
7601,67603,95638,0
7602,39700,119629,0
7603,248,131916,0
7604,110251,101009,0
7605,5657,118615,0
7606,61448,70728,0
7607,78276,31625,0
7608,110804,108032,0
7609,125733,104016,0
7610,2921,13414,0
7611,59752,52941,0
7612,10531,115226,0
7613,138526,122985,0
7614,68592,131028,0
7615,26088,127460,0
7616,150769,76285,0
7617,107517,139229,0
7618,75132,100478,0
7619,67612,67681,0
7620,88289,47455,0
7621,4583,112286,0
7622,35092,18396,0
7623,107498,3862,0
7624,152919,95938,0
7625,118985,97433,0
7626,34132,45815,0
7627,97645,78433,0
7628,152702,63359,0
7629,34346,128279,0
7630,86272,101367,0
7631,22104,47093,0
7632,12749,94259,0
7633,36373,50080,0
7634,31854,33757,0
7635,91506,67720,0
7636,103413,124892,0
7637,64028,122630,0
7638,8226,93258,0
7639,63068,71892,0
7640,118858,21132,0
7641,52899,9639,0
7642,104550,34588,0
7643,53494,20831,0
7644,133327,102960,0
7645,41294,117509,0
7646,55999,31423,0
7647,34834,31247,0
7648,77789,53018,0
7649,36125,147443,0
7650,119096,67097,0
7651,63861,19469,0
7652,9957,55913,0
7653,21101,49415,0
7654,30821,105053,0
7655,21998,58241,0
7656,8679,81086,0
7657,16385,2148,0
7658,150274,22334,0
7659,153733,3382,0
7660,73880,80614,0
7661,74592,40233,0
7662,12155,25443,0
7663,47754,86057,0
7664,122711,149088,0
7665,151462,120820,0
7666,37561,33555,0
7667,93422,56681,0
7668,137564,150550,0
7669,123813,51430,0
7670,80743,121731,0
7671,1296,51407,0
7672,126928,139435,0
7673,13655,85489,0
7674,93433,137820,0
7675,35530,57220,0
7676,62240,76602,0
7677,58224,86276,0
7678,133567,65439,0
7679,7557,140235,0
7680,135183,49594,0
7681,44947,5501,0
7682,1375,154968,0
7683,93563,12841,0
7684,105586,79162,0
7685,126481,129098,0
7686,120492,55671,0
7687,85898,60171,0
7688,151628,83388,0
7689,141934,68984,0
7690,52145,10544,0
7691,121031,48766,0
7692,17887,53287,0
7693,69197,3764,0
7694,82343,102858,0
7695,42086,86414,0
7696,100813,13600,0
7697,126006,92752,0
7698,102921,89614,0
7699,110442,134496,0
7700,10048,37543,0
7701,82783,147305,0
7702,69547,102169,0
7703,32419,33628,0
7704,1640,69652,0
7705,10932,123248,0
7706,99112,150429,0
7707,88041,58566,0
7708,37790,123107,0
7709,46973,28405,0
7710,93061,63690,0
7711,147213,27123,0
7712,96086,130283,0
7713,133287,154685,0
7714,128557,22671,0
7715,54723,106997,0
7716,6505,3132,0
7717,38178,61705,0
7718,139336,87966,0
7719,449,99333,0
7720,93494,133871,0
7721,30604,153647,0
7722,151166,124572,0
7723,113507,111462,0
7724,150504,119771,0
7725,132209,53810,0
7726,17023,141860,0
7727,29070,153595,0
7728,152200,97022,0
7729,129838,78075,0
7730,26831,70502,0
7731,74618,45739,0
7732,84437,142049,0
7733,54047,34073,0
7734,68967,8014,0
7735,99256,60960,0
7736,22702,33429,0
7737,64453,87646,0
7738,131405,137093,0
7739,10720,145646,0
7740,138450,133416,0
7741,91982,100095,0
7742,50494,18094,0
7743,98071,84322,0
7744,43903,111681,0
7745,11862,125574,0
7746,70057,58142,0
7747,65804,139801,0
7748,62028,81765,0
7749,147369,59530,0
7750,76452,37106,0
7751,116386,83159,0
7752,19945,97893,0
7753,58221,51617,0
7754,89571,50267,0
7755,52417,152785,0
7756,76429,144259,0
7757,19819,142999,0
7758,109947,79298,0
7759,43734,72144,0
7760,38263,131798,0
7761,99455,85397,0
7762,68835,90536,0
7763,92255,30629,0
7764,57571,136542,0
7765,109329,52725,0
7766,45648,71253,0
7767,154279,23373,0
7768,125316,117293,0
7769,106486,89379,0
7770,68592,147903,0
7771,90422,12996,0
7772,1055,28277,0
7773,29046,38589,0
7774,147259,94456,0
7775,72519,116913,0
7776,81617,59813,0
7777,132003,39801,0
7778,141531,133180,0
7779,154839,46345,0
7780,79307,78145,0
7781,46495,113434,0
7782,25371,65858,0
7783,127505,61800,0
7784,153578,146692,0
7785,52849,69501,0
7786,138530,15495,0
7787,39066,45437,0
7788,145577,23093,0
7789,19977,14821,0
7790,107883,41883,0
7791,94496,144481,0
7792,26724,138173,0
7793,61654,111831,0
7794,98954,101862,0
7795,2459,34563,0
7796,88532,52968,0
7797,93868,153984,0
7798,102498,114153,0
7799,120454,138119,0
7800,77128,86668,0
7801,77377,68773,0
7802,33143,132065,0
7803,16342,42378,0
7804,32250,102871,0
7805,131295,91769,0
7806,47635,69941,0
7807,120718,98824,0
7808,45116,144970,0
7809,41288,23223,0
7810,7440,104222,0
7811,111125,145856,0
7812,62975,15405,0
7813,102323,83584,0
7814,105061,73583,0
7815,97255,115378,0
7816,74910,135298,0
7817,82935,81751,0
7818,45673,70893,0
7819,138190,119619,0
7820,78900,52967,0
7821,82459,92746,0
7822,140573,81631,0
7823,138750,83615,0
7824,71520,152064,0
7825,110566,150450,0
7826,92346,30734,0
7827,69248,59797,0
7828,149718,74368,0
7829,152433,75162,0
7830,6876,94416,0
7831,53901,151664,0
7832,29887,37204,0
7833,6488,97924,0
7834,38840,146436,0
7835,94810,141889,0
7836,31491,92151,0
7837,129356,36949,0
7838,43887,32811,0
7839,122330,148807,0
7840,105945,19278,0
7841,17478,101870,0
7842,19468,94165,0
7843,143216,8369,0
7844,90278,101969,0
7845,118822,43694,0
7846,99883,101410,0
7847,95585,107669,0
7848,139253,79174,0
7849,66530,130844,0
7850,25195,58650,0
7851,142401,19307,0
7852,26637,138396,0
7853,147466,152736,0
7854,117481,99891,0
7855,124360,61177,0
7856,130873,105961,0
7857,25985,96642,0
7858,145794,17636,0
7859,75112,6585,0
7860,58155,56158,0
7861,113055,31586,0
7862,100971,48550,0
7863,28089,83329,0
7864,121510,85767,0
7865,40704,34361,0
7866,143409,149117,0
7867,47144,69768,0
7868,96688,18089,0
7869,19082,21378,0
7870,21373,96837,0
7871,101224,57535,0
7872,67302,67090,0
7873,109497,7249,0
7874,17141,104508,0
7875,19529,100424,0
7876,61049,18323,0
7877,19982,138829,0
7878,122179,151276,0
7879,116586,148190,0
7880,106558,76923,0
7881,4400,25319,0
7882,52889,38158,0
7883,98767,57946,0
7884,153686,142952,0
7885,46221,134013,0
7886,87305,146783,0
7887,37469,74260,0
7888,124643,153758,0
7889,45658,44992,0
7890,144139,62134,0
7891,114494,105194,0
7892,108557,119348,0
7893,9913,27547,0
7894,37806,6818,0
7895,120343,144506,0
7896,113060,133488,0
7897,38731,75940,0
7898,45226,134073,0
7899,87700,11726,0
7900,97868,77843,0
7901,105507,86929,0
7902,31250,84985,0
7903,841,118730,0
7904,86626,53401,0
7905,69884,13821,0
7906,112205,43840,0
7907,100767,133998,0
7908,95348,79510,0
7909,110238,1591,0
7910,125718,132645,0
7911,114378,124908,0
7912,50822,125910,0
7913,114789,6855,0
7914,39766,93126,0
7915,46842,62134,0
7916,5112,7460,0
7917,17121,15946,0
7918,125047,15291,0
7919,12791,48037,0
7920,72955,13091,0
7921,13903,54517,0
7922,128805,94511,0
7923,56759,126420,0
7924,147327,23595,0
7925,137894,151152,0
7926,137057,110918,0
7927,134032,63149,0
7928,61751,132575,0
7929,83463,138420,0
7930,153989,14165,0
7931,10376,18805,0
7932,126500,51639,0
7933,51966,141673,0
7934,35675,113493,0
7935,32374,151786,0
7936,134853,98761,0
7937,24126,120495,0
7938,49259,23695,0
7939,151445,62611,0
7940,54084,72088,0
7941,137932,28528,0
7942,14955,85684,0
7943,23897,14769,0
7944,91731,77743,0
7945,37802,143209,0
7946,81047,9448,0
7947,20166,122923,0
7948,16171,76273,0
7949,1867,148058,0
7950,26827,37515,0
7951,36920,107155,0
7952,133577,65653,0
7953,143787,1234,0
7954,147265,40122,0
7955,25386,16997,0
7956,63465,69173,0
7957,63445,63390,0
7958,142294,153791,0
7959,64469,14165,0
7960,91405,101041,0
7961,73622,152109,0
7962,48535,154576,0
7963,85055,107561,0
7964,96259,72464,0
7965,38288,154726,0
7966,142080,49272,0
7967,62833,30852,0
7968,26645,108942,0
7969,117816,57272,0
7970,130891,147828,0
7971,111183,50934,0
7972,96683,152232,0
7973,75897,144731,0
7974,131162,16617,0
7975,1167,22485,0
7976,102628,12238,0
7977,141933,52719,0
7978,44555,88569,0
7979,112238,2531,0
7980,113264,106006,0
7981,59513,42796,0
7982,35377,121582,0
7983,73107,54897,0
7984,108148,128961,0
7985,88560,69004,0
7986,51523,108300,0
7987,60410,89391,0
7988,77727,68612,0
7989,124914,146479,0
7990,74661,57987,0
7991,84036,33270,0
7992,54625,19147,0
7993,25946,138748,0
7994,94994,59202,0
7995,151197,113863,0
7996,64791,19211,0
7997,104222,96627,0
7998,151430,112156,0
7999,32082,105129,0
8000,108742,104587,0
8001,91706,136667,0
8002,37093,141673,0
8003,89331,10148,0
8004,107402,114099,0
8005,46349,132591,0
8006,112948,58777,0
8007,40687,19298,0
8008,44221,101419,0
8009,60712,135592,0
8010,139266,51460,0
8011,118421,118066,0
8012,12532,151518,0
8013,127359,82111,0
8014,46059,9523,0
8015,113335,85876,0
8016,63081,42162,0
8017,78880,153031,0
8018,127817,39586,0
8019,21145,141554,0
8020,96605,103306,0
8021,10334,14391,0
8022,123269,10683,0
8023,72738,79445,0
8024,104712,140488,0
8025,135508,27601,0
8026,39526,89135,0
8027,87777,127012,0
8028,106172,81620,0
8029,18918,113868,0
8030,32711,95109,0
8031,13558,96392,0
8032,134774,4064,0
8033,42730,22024,0
8034,100225,13715,0
8035,153099,44438,0
8036,49636,68228,0
8037,85999,114341,0
8038,111657,67628,0
8039,17171,22044,0
8040,81291,130281,0
8041,139741,149179,0
8042,55887,37178,0
8043,7497,124849,0
8044,28407,154071,0
8045,69129,126158,0
8046,77066,115107,0
8047,25142,76958,0
8048,44030,62016,0
8049,128252,132211,0
8050,140752,107829,0
8051,112831,81539,0
8052,1096,27530,0
8053,32793,102218,0
8054,43140,15978,0
8055,142847,25806,0
8056,56105,142725,0
8057,78877,140330,0
8058,130120,122555,0
8059,17185,74801,0
8060,75582,81682,0
8061,140382,69514,0
8062,117955,34632,0
8063,78166,138375,0
8064,100404,89610,0
8065,55181,91914,0
8066,37373,32999,0
8067,81889,35508,0
8068,77927,89621,0
8069,23362,7880,0
8070,154694,25420,0
8071,18496,51713,0
8072,123564,44805,0
8073,14525,23823,0
8074,16330,112763,0
8075,122299,115064,0
8076,114454,40174,0
8077,45429,134660,0
8078,58215,1763,0
8079,139840,26948,0
8080,1257,37458,0
8081,134894,24530,0
8082,59934,119649,0
8083,92276,119617,0
8084,96504,70522,0
8085,14274,128385,0
8086,5213,59299,0
8087,22675,130228,0
8088,121908,16193,0
8089,11388,38576,0
8090,1335,142516,0
8091,152340,49824,0
8092,37877,81907,0
8093,50760,64926,0
8094,119305,139239,0
8095,16375,88591,0
8096,75417,137188,0
8097,71699,134756,0
8098,37690,70508,0
8099,89501,20030,0
8100,141927,66681,0
8101,120396,88065,0
8102,84488,113854,0
8103,78615,11682,0
8104,60494,100942,0
8105,47007,50046,0
8106,120340,107186,0
8107,75787,86675,0
8108,70682,108747,0
8109,151462,5612,0
8110,26571,88964,0
8111,94708,107079,0
8112,100740,141917,0
8113,145732,137881,0
8114,113652,113394,0
8115,27906,89900,0
8116,117100,100900,0
8117,39541,20588,0
8118,120589,57415,0
8119,103334,36796,0
8120,83541,8608,0
8121,25492,71552,0
8122,106866,142261,0
8123,3342,152171,0
8124,20617,125495,0
8125,117186,153350,0
8126,147717,24807,0
8127,76797,133529,0
8128,32465,104789,0
8129,33478,106375,0
8130,112022,149376,0
8131,33832,978,0
8132,67617,117264,0
8133,96727,54692,0
8134,57775,71108,0
8135,130951,128615,0
8136,131907,116292,0
8137,114059,49653,0
8138,56242,144898,0
8139,129311,11955,0
8140,117465,106409,0
8141,15049,93257,0
8142,13097,154551,0
8143,34789,53209,0
8144,154494,14864,0
8145,116072,102883,0
8146,61038,23832,0
8147,31357,27005,0
8148,10127,148836,0
8149,123712,123280,0
8150,122636,90206,0
8151,94017,143856,0
8152,105139,123814,0
8153,94891,79913,0
8154,52306,122512,0
8155,130266,140245,0
8156,57211,57434,0
8157,6607,55704,0
8158,153819,69226,0
8159,58147,37971,0
8160,62572,115501,0
8161,28961,119603,0
8162,71240,152199,0
8163,79784,103956,0
8164,88702,97616,0
8165,20271,146416,0
8166,129423,74129,0
8167,80097,14500,0
8168,66131,95424,0
8169,90934,51953,0
8170,133567,68864,0
8171,112766,143415,0
8172,76499,71094,0
8173,90556,123620,0
8174,60450,146235,0
8175,87507,39174,0
8176,2382,52438,0
8177,21572,57,0
8178,121212,84695,0
8179,1150,13797,0
8180,104656,10881,0
8181,72471,19265,0
8182,145282,7479,0
8183,56604,81303,0
8184,85001,109746,0
8185,108790,10090,0
8186,41122,141113,0
8187,16927,60107,0
8188,122823,68471,0
8189,142463,35957,0
8190,51725,148631,0
8191,144096,26791,0
8192,101766,124920,0
8193,113045,56693,0
8194,58795,44315,0
8195,109333,31668,0
8196,39426,58468,0
8197,112453,134294,0
8198,109625,4056,0
8199,143311,49892,0
8200,17194,58187,0
8201,50858,112628,0
8202,59212,30211,0
8203,74425,87851,0
8204,15117,14469,0
8205,119202,22243,0
8206,103298,2630,0
8207,71529,90656,0
8208,131394,115745,0
8209,8393,19490,0
8210,76362,136792,0
8211,149316,145202,0
8212,139216,91806,0
8213,73719,44236,0
8214,47949,144748,0
8215,105818,6948,0
8216,59039,85343,0
8217,15020,53264,0
8218,15125,26169,0
8219,7709,89728,0
8220,69062,113789,0
8221,54927,38427,0
8222,81174,136612,0
8223,80117,152057,0
8224,147737,153520,0
8225,1440,73180,0
8226,107142,125862,0
8227,63259,24885,0
8228,141732,119060,0
8229,74220,34264,0
8230,15080,28724,0
8231,32453,71200,0
8232,64222,30022,0
8233,131316,12083,0
8234,104257,147098,0
8235,78286,45931,0
8236,149646,81556,0
8237,141292,126652,0
8238,129557,30725,0
8239,66097,140680,0
8240,14619,28066,0
8241,72684,137748,0
8242,72114,62958,0
8243,5648,14691,0
8244,33417,26128,0
8245,115216,79046,0
8246,145260,40825,0
8247,127171,145585,0
8248,2785,112903,0
8249,37156,38866,0
8250,38394,32607,0
8251,90283,27916,0
8252,34599,119786,0
8253,12629,64132,0
8254,77749,35801,0
8255,58550,94899,0
8256,146400,56677,0
8257,92276,117297,0
8258,127059,93899,0
8259,78840,126218,0
8260,72197,65235,0
8261,60696,52225,0
8262,114517,49123,0
8263,127505,23759,0
8264,69455,65553,0
8265,142630,17696,0
8266,3080,133064,0
8267,131240,147072,0
8268,151646,84008,0
8269,106724,116675,0
8270,42445,8826,0
8271,77414,151715,0
8272,92627,59968,0
8273,121026,63309,0
8274,128926,89354,0
8275,92340,31049,0
8276,79525,148800,0
8277,441,111193,0
8278,5802,95333,0
8279,29655,74500,0
8280,33292,50894,0
8281,6802,15469,0
8282,90094,120038,0
8283,146576,126884,0
8284,147148,59313,0
8285,47070,82054,0
8286,67509,103518,0
8287,47422,24095,0
8288,152534,46286,0
8289,54449,8429,0
8290,22558,44543,0
8291,65980,145119,0
8292,76341,44734,0
8293,103585,151154,0
8294,129693,29808,0
8295,97569,138337,0
8296,19475,39942,0
8297,54869,20255,0
8298,145374,49922,0
8299,139864,119227,0
8300,140311,115084,0
8301,93229,93227,0
8302,48940,113995,0
8303,65463,139538,0
8304,22307,147489,0
8305,58220,26640,0
8306,124264,39756,0
8307,31578,7057,0
8308,155076,112557,0
8309,51166,122211,0
8310,29401,51845,0
8311,45951,39782,0
8312,21448,49515,0
8313,119470,28321,0
8314,76055,140715,0
8315,109432,125803,0
8316,17223,142876,0
8317,102650,78268,0
8318,130377,76438,0
8319,11522,3497,0
8320,105689,79001,0
8321,67116,106825,0
8322,67380,63460,0
8323,23374,88872,0
8324,98954,18067,0
8325,15020,45830,0
8326,110739,77884,0
8327,17132,89324,0
8328,29933,128648,0
8329,130332,98984,0
8330,24479,131962,0
8331,28933,106216,0
8332,107895,120578,0
8333,68148,81247,0
8334,35838,143631,0
8335,24138,38160,0
8336,14090,43279,0
8337,958,23467,0
8338,100933,107241,0
8339,112395,94070,0
8340,3410,21341,0
8341,46221,46667,0
8342,23638,70096,0
8343,127930,136022,0
8344,36189,68346,0
8345,12379,148370,0
8346,122622,23319,0
8347,17268,144395,0
8348,33819,84680,0
8349,42852,76976,0
8350,38817,59052,0
8351,140006,28008,0
8352,150900,66023,0
8353,51703,87616,0
8354,78454,57105,0
8355,3240,110006,0
8356,70193,68887,0
8357,96270,29099,0
8358,63335,62402,0
8359,15051,23560,0
8360,126560,120886,0
8361,140733,127389,0
8362,88047,99622,0
8363,54208,110634,0
8364,50774,123384,0
8365,83209,125573,0
8366,132035,96823,0
8367,121171,111785,0
8368,11168,40318,0
8369,111293,8461,0
8370,120137,49994,0
8371,16569,8652,0
8372,19630,91346,0
8373,95440,149455,0
8374,35695,116351,0
8375,25714,122639,0
8376,78350,100967,0
8377,60844,79252,0
8378,143555,97910,0
8379,17245,81296,0
8380,99329,34646,0
8381,122683,55216,0
8382,13412,50118,0
8383,76191,103554,0
8384,15800,59024,0
8385,59086,102934,0
8386,53219,112510,0
8387,147189,51909,0
8388,89549,84687,0
8389,94556,141484,0
8390,128872,24025,0
8391,21134,146130,0
8392,31471,119860,0
8393,150684,19569,0
8394,133589,13861,0
8395,127051,57730,0
8396,66994,150413,0
8397,85011,55056,0
8398,19037,85784,0
8399,116661,96166,0
8400,145750,100198,0
8401,105110,7036,0
8402,67981,153890,0
8403,40127,140514,0
8404,68783,128347,0
8405,31085,126183,0
8406,70986,129130,0
8407,148089,16983,0
8408,35323,62543,0
8409,660,118889,0
8410,139398,110900,0
8411,29653,137441,0
8412,149366,118893,0
8413,32299,86978,0
8414,152606,144460,0
8415,141660,138308,0
8416,101011,53105,0
8417,151408,17398,0
8418,95788,69973,0
8419,13883,111267,0
8420,65106,81266,0
8421,36516,74956,0
8422,56971,85285,0
8423,149319,62248,0
8424,102066,104808,0
8425,154814,112552,0
8426,96305,9405,0
8427,27851,55764,0
8428,52981,96253,0
8429,51083,104402,0
8430,121187,27843,0
8431,16710,87318,0
8432,101359,21892,0
8433,21418,78602,0
8434,42952,18905,0
8435,36274,59136,0
8436,49907,31595,0
8437,139419,14382,0
8438,125634,65054,0
8439,54208,51890,0
8440,80060,4987,0
8441,153148,20487,0
8442,118013,28882,0
8443,132532,80874,0
8444,129755,135333,0
8445,78684,140077,0
8446,68880,140000,0
8447,65538,53819,0
8448,144299,148826,0
8449,33993,23583,0
8450,122604,142573,0
8451,76243,94333,0
8452,134837,105575,0
8453,62312,19117,0
8454,108509,63293,0
8455,46333,87065,0
8456,60059,73478,0
8457,37892,48235,0
8458,97519,129409,0
8459,10003,56773,0
8460,33389,50511,0
8461,14839,99080,0
8462,153661,26727,0
8463,24383,116995,0
8464,115048,76233,0
8465,103739,533,0
8466,2208,30696,0
8467,57852,100709,0
8468,1868,20225,0
8469,9022,43604,0
8470,33204,51129,0
8471,145309,18330,0
8472,2045,126671,0
8473,22017,35036,0
8474,140981,67277,0
8475,49180,124761,0
8476,118715,119172,0
8477,25952,133271,0
8478,10498,101730,0
8479,90175,73803,0
8480,12653,115586,0
8481,70817,135136,0
8482,51895,154433,0
8483,152009,123342,0
8484,47635,33429,0
8485,20451,154129,0
8486,24013,28248,0
8487,118901,42184,0
8488,120228,67385,0
8489,81586,90403,0
8490,25167,135797,0
8491,18495,105185,0
8492,15465,38167,0
8493,16666,111613,0
8494,145621,12236,0
8495,29575,66531,0
8496,68477,113442,0
8497,4563,78921,0
8498,61123,53463,0
8499,24619,39364,0
8500,62510,143963,0
8501,124049,36510,0
8502,66131,35686,0
8503,45228,105292,0
8504,130713,148655,0
8505,56501,80240,0
8506,78208,144108,0
8507,89420,90166,0
8508,76259,1373,0
8509,18420,22826,0
8510,121484,27980,0
8511,20206,1609,0
8512,118290,68088,0
8513,140214,114281,0
8514,12611,93316,0
8515,16340,105728,0
8516,38690,43490,0
8517,151618,17961,0
8518,28373,8471,0
8519,152492,100953,0
8520,135979,102277,0
8521,142003,85985,0
8522,36066,24837,0
8523,27060,151987,0
8524,16147,87472,0
8525,112183,119626,0
8526,128785,130399,0
8527,114559,96314,0
8528,72,149965,0
8529,72107,65805,0
8530,115298,24737,0
8531,124124,8492,0
8532,97667,108497,0
8533,140845,105297,0
8534,3769,22612,0
8535,69320,118519,0
8536,51262,13522,0
8537,12855,100,0
8538,128914,153672,0
8539,42037,54448,0
8540,134007,126300,0
8541,123002,61557,0
8542,144278,52386,0
8543,151315,136876,0
8544,48286,138040,0
8545,128953,111931,0
8546,16327,104128,0
8547,49846,70748,0
8548,121625,21864,0
8549,3681,118122,0
8550,151761,65522,0
8551,76035,145129,0
8552,140491,146030,0
8553,121361,150469,0
8554,130400,100073,0
8555,111407,97501,0
8556,1533,33647,0
8557,95220,143854,0
8558,48539,72668,0
8559,62383,127151,0
8560,97975,4964,0
8561,149014,60489,0
8562,45541,54844,0
8563,22282,107276,0
8564,42535,81934,0
8565,8101,18513,0
8566,35125,88945,0
8567,26239,10418,0
8568,112740,64776,0
8569,141950,17173,0
8570,8972,4670,0
8571,137332,80749,0
8572,21347,40653,0
8573,86324,33502,0
8574,56281,91098,0
8575,64842,153469,0
8576,39743,139174,0
8577,152047,149983,0
8578,33403,133555,0
8579,57851,60808,0
8580,54549,106614,0
8581,150940,106750,0
8582,60888,45876,0
8583,148060,148323,0
8584,87713,113730,0
8585,70094,26718,0
8586,57988,21599,0
8587,136719,100301,0
8588,111010,90926,0
8589,131662,147407,0
8590,131500,8044,0
8591,9620,98924,0
8592,131662,92167,0
8593,23879,3156,0
8594,108395,13420,0
8595,96933,25312,0
8596,70327,97150,0
8597,132179,110360,0
8598,139960,53715,0
8599,118589,26229,0
8600,144504,117102,0
8601,121846,71584,0
8602,111073,19121,0
8603,4467,70322,0
8604,109349,44774,0
8605,11531,26021,0
8606,76007,69886,0
8607,7581,3396,0
8608,80446,9149,0
8609,144088,137346,0
8610,129478,131965,0
8611,144757,106948,0
8612,73545,134682,0
8613,108779,154151,0
8614,18257,122555,0
8615,102097,71505,0
8616,132628,99415,0
8617,56578,114012,0
8618,126110,126777,0
8619,8438,26613,0
8620,89000,138346,0
8621,78502,66468,0
8622,95247,112143,0
8623,91777,29045,0
8624,145325,65062,0
8625,42507,77317,0
8626,67553,118316,0
8627,59485,63007,0
8628,95496,155157,0
8629,133374,23479,0
8630,39901,50055,0
8631,135773,134235,0
8632,109346,56895,0
8633,132337,43521,0
8634,45416,82553,0
8635,61281,106242,0
8636,139943,51581,0
8637,74100,144166,0
8638,5537,126478,0
8639,12510,91349,0
8640,76630,29971,0
8641,44393,16177,0
8642,17928,101751,0
8643,80460,56671,0
8644,105067,123878,0
8645,47792,121622,0
8646,13888,111141,0
8647,63360,40684,0
8648,123275,141343,0
8649,30320,126384,0
8650,78279,141960,0
8651,124967,21470,0
8652,109407,17738,0
8653,53620,132741,0
8654,77622,82025,0
8655,136854,83277,0
8656,114796,17385,0
8657,124996,154525,0
8658,145375,119526,0
8659,78609,110246,0
8660,150719,85592,0
8661,37610,30321,0
8662,97305,72181,0
8663,49229,100782,0
8664,128194,81925,0
8665,41847,142476,0
8666,116866,102282,0
8667,113918,152585,0
8668,127456,33494,0
8669,10785,101586,0
8670,23199,86080,0
8671,143855,20699,0
8672,133477,105760,0
8673,34556,80257,0
8674,8460,10448,0
8675,21536,45690,0
8676,13146,86955,0
8677,136671,22930,0
8678,76434,93754,0
8679,117721,43341,0
8680,145434,18701,0
8681,76001,98187,0
8682,87377,35898,0
8683,103557,2983,0
8684,151234,46713,0
8685,71665,2919,0
8686,140358,12003,0
8687,38464,41025,0
8688,108908,50198,0
8689,33100,9060,0
8690,51414,88305,0
8691,71849,152527,0
8692,77124,38080,0
8693,11538,140249,0
8694,145366,127767,0
8695,30633,145515,0
8696,22447,112062,0
8697,114597,113816,0
8698,17297,4984,0
8699,81282,4446,0
8700,30500,80382,0
8701,5544,135592,0
8702,124481,113131,0
8703,58205,25346,0
8704,87642,116259,0
8705,89026,86176,0
8706,50410,60149,0
8707,109377,13549,0
8708,69666,60563,0
8709,137756,39545,0
8710,88724,84034,0
8711,105765,26340,0
8712,70136,79650,0
8713,3618,38869,0
8714,11583,67260,0
8715,4050,65292,0
8716,111650,102655,0
8717,20759,150656,0
8718,23677,64995,0
8719,154555,44069,0
8720,109348,141571,0
8721,151110,59745,0
8722,6284,13386,0
8723,16849,60244,0
8724,40616,55663,0
8725,48490,26124,0
8726,117717,89767,0
8727,7339,27471,0
8728,48176,74023,0
8729,123298,51331,0
8730,98399,9397,0
8731,102643,56428,0
8732,60392,131882,0
8733,120269,58003,0
8734,10599,63882,0
8735,80438,73768,0
8736,59885,34655,0
8737,35,122951,0
8738,65159,137447,0
8739,78093,117448,0
8740,97287,44143,0
8741,20645,63012,0
8742,49628,4738,0
8743,21193,60234,0
8744,2931,81139,0
8745,91275,123508,0
8746,73580,13895,0
8747,22489,7545,0
8748,152574,109408,0
8749,144110,19025,0
8750,154311,63281,0
8751,2405,13678,0
8752,101309,145736,0
8753,12499,100459,0
8754,87952,77814,0
8755,41411,65243,0
8756,10470,112535,0
8757,21990,48442,0
8758,115295,27401,0
8759,138976,26103,0
8760,77333,23883,0
8761,16450,121119,0
8762,53169,90212,0
8763,125941,137848,0
8764,88789,63113,0
8765,117374,41199,0
8766,19507,78843,0
8767,91275,8565,0
8768,72002,15738,0
8769,19556,22991,0
8770,55674,106735,0
8771,127905,32466,0
8772,152615,154366,0
8773,150900,64082,0
8774,65649,125947,0
8775,23815,29774,0
8776,23464,140515,0
8777,152155,89357,0
8778,72663,31095,0
8779,84048,105897,0
8780,4607,97822,0
8781,33689,30903,0
8782,20400,35049,0
8783,91598,52317,0
8784,50976,104119,0
8785,93192,6936,0
8786,31900,108458,0
8787,13059,142904,0
8788,119692,73864,0
8789,81574,144334,0
8790,101916,58047,0
8791,56668,17581,0
8792,56134,69835,0
8793,137737,69594,0
8794,106477,147416,0
8795,11276,28565,0
8796,151385,25754,0
8797,134678,150550,0
8798,44101,119302,0
8799,103478,11005,0
8800,29904,134389,0
8801,2476,74647,0
8802,138831,130411,0
8803,40841,134211,0
8804,40495,105752,0
8805,97721,32733,0
8806,87858,13710,0
8807,119268,87370,0
8808,65196,66952,0
8809,38641,83668,0
8810,26891,141402,0
8811,15474,26260,0
8812,39200,49768,0
8813,97890,47249,0
8814,43791,65234,0
8815,55401,95119,0
8816,113941,29856,0
8817,42997,80651,0
8818,108011,109386,0
8819,35402,36576,0
8820,13501,142443,0
8821,54403,65416,0
8822,60896,142755,0
8823,146926,18379,0
8824,59960,52439,0
8825,56078,150543,0
8826,9276,90060,0
8827,110612,6265,0
8828,134385,130136,0
8829,16110,151912,0
8830,130152,60873,0
8831,49276,36601,0
8832,89907,111820,0
8833,47068,60936,0
8834,124684,67510,0
8835,94692,152351,0
8836,55687,146953,0
8837,123730,77182,0
8838,260,64281,0
8839,62806,65117,0
8840,57688,62032,0
8841,11177,117755,0
8842,14601,16616,0
8843,75039,66772,0
8844,24177,19088,0
8845,49348,112399,0
8846,48252,2455,0
8847,32682,71493,0
8848,122498,52010,0
8849,17878,26352,0
8850,117633,76539,0
8851,122739,68290,0
8852,67407,132256,0
8853,127096,110327,0
8854,69367,58992,0
8855,140136,14389,0
8856,89495,82310,0
8857,131540,63217,0
8858,3735,50647,0
8859,99298,146548,0
8860,123385,20269,0
8861,64930,98219,0
8862,134237,60370,0
8863,81043,15880,0
8864,105471,23501,0
8865,9312,68252,0
8866,15118,97312,0
8867,138611,59257,0
8868,40792,108825,0
8869,14542,122637,0
8870,54440,78231,0
8871,22561,34470,0
8872,152705,123264,0
8873,97569,27472,0
8874,40701,12743,0
8875,100016,41793,0
8876,44293,125385,0
8877,58334,152140,0
8878,93282,16670,0
8879,23937,144266,0
8880,96855,21926,0
8881,88137,39471,0
8882,8555,152321,0
8883,89141,98021,0
8884,124290,48302,0
8885,127771,15402,0
8886,125285,104447,0
8887,129394,151270,0
8888,42492,71218,0
8889,36391,3861,0
8890,124142,135633,0
8891,148022,24429,0
8892,69398,88981,0
8893,154556,24506,0
8894,52921,10009,0
8895,87049,146482,0
8896,126488,19311,0
8897,26135,136400,0
8898,115104,115878,0
8899,13534,98278,0
8900,111983,151238,0
8901,49785,104503,0
8902,50806,9942,0
8903,113044,92845,0
8904,113254,113879,0
8905,122740,23939,0
8906,87499,147654,0
8907,112722,97936,0
8908,74480,138319,0
8909,114787,86347,0
8910,7040,63737,0
8911,147909,15408,0
8912,143183,76258,0
8913,16095,137159,0
8914,117850,65667,0
8915,151396,101730,0
8916,124623,51658,0
8917,50603,68227,0
8918,5487,76963,0
8919,99870,149410,0
8920,77940,13291,0
8921,57329,57528,0
8922,71213,140655,0
8923,33305,52719,0
8924,57959,25731,0
8925,25194,107734,0
8926,11146,87724,0
8927,101616,7722,0
8928,23896,101445,0
8929,64380,5448,0
8930,75017,111723,0
8931,33249,85223,0
8932,127849,60081,0
8933,78517,55108,0
8934,150581,97146,0
8935,27869,133763,0
8936,52258,139420,0
8937,139716,152652,0
8938,32898,114500,0
8939,120365,90284,0
8940,71777,16124,0
8941,17134,153130,0
8942,108349,143358,0
8943,36236,107049,0
8944,121725,70002,0
8945,7888,3008,0
8946,127230,123786,0
8947,22101,24805,0
8948,23104,48233,0
8949,141744,36409,0
8950,133671,65646,0
8951,51036,49297,0
8952,48531,110850,0
8953,146602,53096,0
8954,129411,139808,0
8955,66312,87506,0
8956,130653,8842,0
8957,69225,124118,0
8958,121302,21327,0
8959,50433,9444,0
8960,105438,63818,0
8961,120485,67609,0
8962,91230,123029,0
8963,111682,39583,0
8964,98385,7281,0
8965,3980,5216,0
8966,59097,42373,0
8967,52609,105388,0
8968,28068,152039,0
8969,119310,38398,0
8970,11595,136881,0
8971,111645,32984,0
8972,30783,50467,0
8973,2707,154406,0
8974,152295,13670,0
8975,116499,118709,0
8976,17481,149499,0
8977,40981,29588,0
8978,133181,45018,0
8979,102370,90474,0
8980,5262,138141,0
8981,87463,24541,0
8982,5535,109187,0
8983,32594,134671,0
8984,135928,84914,0
8985,54945,147146,0
8986,77567,20376,0
8987,48217,30650,0
8988,55163,147474,0
8989,57773,132932,0
8990,46521,109225,0
8991,35824,8582,0
8992,135888,78220,0
8993,142177,108262,0
8994,144902,108449,0
8995,154896,56784,0
8996,11326,98351,0
8997,99542,99156,0
8998,38355,16273,0
8999,115860,37125,0
9000,103822,78238,0
9001,28335,81446,0
9002,13761,90096,0
9003,4639,55770,0
9004,74640,53320,0
9005,79583,78710,0
9006,124547,94334,0
9007,103153,37530,0
9008,76234,63232,0
9009,77809,147864,0
9010,154628,115531,0
9011,108849,128153,0
9012,119296,639,0
9013,105476,149146,0
9014,118982,61341,0
9015,115900,11202,0
9016,19160,30146,0
9017,89217,42883,0
9018,153050,126134,0
9019,141478,34388,0
9020,26154,104485,0
9021,23025,48900,0
9022,143162,16622,0
9023,116731,65656,0
9024,95623,132664,0
9025,33207,95620,0
9026,69027,144877,0
9027,127062,5296,0
9028,104229,130074,0
9029,138607,19023,0
9030,91322,77513,0
9031,35261,110855,0
9032,17784,30106,0
9033,54971,58393,0
9034,37684,8218,0
9035,149294,4506,0
9036,142116,113367,0
9037,795,61883,0
9038,97349,35170,0
9039,127054,138253,0
9040,129416,121837,0
9041,124474,150710,0
9042,128150,35292,0
9043,138976,37467,0
9044,9645,42653,0
9045,38946,118615,0
9046,107969,109989,0
9047,114655,32586,0
9048,81584,53697,0
9049,78639,21268,0
9050,69812,119677,0
9051,120300,8504,0
9052,63387,148073,0
9053,106674,95905,0
9054,41759,48519,0
9055,104350,125507,0
9056,136051,132927,0
9057,88439,88865,0
9058,136384,56713,0
9059,71660,98205,0
9060,43977,137001,0
9061,112820,21130,0
9062,149598,142391,0
9063,126570,151791,0
9064,106497,20334,0
9065,27130,28211,0
9066,4761,52874,0
9067,69327,149608,0
9068,20483,97330,0
9069,131256,20726,0
9070,100086,49580,0
9071,131356,135978,0
9072,119046,37637,0
9073,120491,67199,0
9074,137947,125965,0
9075,83654,12246,0
9076,65618,54270,0
9077,98474,134143,0
9078,17725,24886,0
9079,134377,40478,0
9080,75781,15087,0
9081,29575,55709,0
9082,24477,144109,0
9083,8594,28330,0
9084,137411,153738,0
9085,23949,135500,0
9086,77200,68487,0
9087,25015,120528,0
9088,3422,115258,0
9089,72053,85852,0
9090,58891,78013,0
9091,49077,92617,0
9092,29893,101977,0
9093,130340,129870,0
9094,92232,56347,0
9095,64708,36549,0
9096,90263,123499,0
9097,40727,128195,0
9098,89916,111840,0
9099,69720,110870,0
9100,99703,14188,0
9101,9442,144043,0
9102,46955,48616,0
9103,29735,83935,0
9104,103336,20257,0
9105,35198,58417,0
9106,47198,153988,0
9107,106114,122122,0
9108,127892,48555,0
9109,81107,114618,0
9110,136480,127809,0
9111,28350,107900,0
9112,113620,751,0
9113,88973,78825,0
9114,15736,23629,0
9115,110134,13909,0
9116,153038,40598,0
9117,77983,119383,0
9118,27695,12010,0
9119,19519,147484,0
9120,54630,88843,0
9121,95046,57766,0
9122,137348,9885,0
9123,153348,123444,0
9124,72497,53776,0
9125,81252,25498,0
9126,118437,147964,0
9127,51057,53313,0
9128,135075,55271,0
9129,125274,134529,0
9130,19709,3925,0
9131,7457,90352,0
9132,146382,36804,0
9133,70209,56716,0
9134,23755,123539,0
9135,6686,93931,0
9136,116659,12347,0
9137,88836,63475,0
9138,123200,126065,0
9139,462,87540,0
9140,142785,36678,0
9141,124529,79312,0
9142,18150,90129,0
9143,74348,23493,0
9144,124189,19554,0
9145,41630,133309,0
9146,100116,46930,0
9147,47100,50200,0
9148,117187,108726,0
9149,34209,125390,0
9150,115031,84525,0
9151,134749,25463,0
9152,102768,73681,0
9153,82530,43571,0
9154,144870,8630,0
9155,63422,136705,0
9156,34512,24752,0
9157,152276,96046,0
9158,133708,30934,0
9159,48492,41185,0
9160,138906,87984,0
9161,80875,140618,0
9162,25180,69617,0
9163,133642,89290,0
9164,61904,129616,0
9165,35300,31830,0
9166,73277,81292,0
9167,78808,44474,0
9168,27678,147490,0
9169,61035,127297,0
9170,38573,46782,0
9171,133851,113660,0
9172,118337,38243,0
9173,153075,36272,0
9174,42251,98142,0
9175,66805,115819,0
9176,72473,122814,0
9177,142461,31317,0
9178,149688,122364,0
9179,123137,52326,0
9180,66663,115708,0
9181,55050,130932,0
9182,7363,112692,0
9183,90752,69103,0
9184,5455,71834,0
9185,114876,29836,0
9186,6869,67073,0
9187,74932,5364,0
9188,39266,57239,0
9189,128767,124100,0
9190,58068,74593,0
9191,89375,70239,0
9192,65420,142020,0
9193,1223,25200,0
9194,126634,129276,0
9195,145604,97175,0
9196,86044,14796,0
9197,33853,109766,0
9198,15374,122879,0
9199,63793,131843,0
9200,73826,74434,0
9201,21572,128796,0
9202,97672,16356,0
9203,85144,120061,0
9204,54701,119764,0
9205,75154,97264,0
9206,130028,76295,0
9207,18590,57474,0
9208,146498,79910,0
9209,93290,26582,0
9210,105905,89014,0
9211,60328,130918,0
9212,24813,82608,0
9213,110290,125422,0
9214,17741,32208,0
9215,43518,143168,0
9216,106082,17002,0
9217,139812,104162,0
9218,61299,33344,0
9219,67960,19298,0
9220,148859,49757,0
9221,134880,148075,0
9222,68370,36399,0
9223,10980,87669,0
9224,136778,38427,0
9225,141174,54998,0
9226,64003,29520,0
9227,115732,50098,0
9228,99901,80598,0
9229,32753,31143,0
9230,102134,44549,0
9231,797,42394,0
9232,83,61059,0
9233,33187,9229,0
9234,73350,124912,0
9235,65854,123341,0
9236,72337,12211,0
9237,17966,73636,0
9238,75333,149635,0
9239,18860,69461,0
9240,140815,116929,0
9241,107406,62477,0
9242,127966,54326,0
9243,19291,59488,0
9244,90405,86336,0
9245,112851,131541,0
9246,39123,85682,0
9247,148490,55689,0
9248,45450,87968,0
9249,153442,39793,0
9250,135803,124941,0
9251,146358,80833,0
9252,119187,96229,0
9253,112159,3032,0
9254,118418,50236,0
9255,138947,155131,0
9256,31647,52842,0
9257,100748,90487,0
9258,22660,1722,0
9259,25808,100473,0
9260,139784,42625,0
9261,61910,61537,0
9262,141760,129043,0
9263,54572,60868,0
9264,28792,78495,0
9265,235,18931,0
9266,9072,143117,0
9267,75472,75334,0
9268,3283,102715,0
9269,6232,88570,0
9270,147739,123716,0
9271,149360,129415,0
9272,119500,8982,0
9273,40358,1145,0
9274,55649,117142,0
9275,81571,133449,0
9276,23863,17754,0
9277,84543,13094,0
9278,100422,127023,0
9279,111365,14471,0
9280,15783,21544,0
9281,87363,83391,0
9282,16725,5720,0
9283,117479,105842,0
9284,90318,141320,0
9285,84911,128480,0
9286,138557,96324,0
9287,39743,80915,0
9288,122825,18465,0
9289,58128,17814,0
9290,114607,88016,0
9291,152306,17380,0
9292,95383,119100,0
9293,34230,40065,0
9294,50117,150874,0
9295,31225,22924,0
9296,100660,150642,0
9297,7419,127691,0
9298,35977,46722,0
9299,119305,2993,0
9300,22762,90948,0
9301,152862,63466,0
9302,147357,2000,0
9303,96158,16398,0
9304,52413,137127,0
9305,66605,47877,0
9306,8529,16203,0
9307,142143,53389,0
9308,134865,113467,0
9309,61745,51423,0
9310,45949,143774,0
9311,113784,73823,0
9312,112689,17857,0
9313,122369,67195,0
9314,63841,17385,0
9315,92791,88891,0
9316,79092,63036,0
9317,8225,14586,0
9318,36749,3099,0
9319,151564,20719,0
9320,36390,5620,0
9321,108067,138019,0
9322,56507,52891,0
9323,65014,114616,0
9324,45312,139835,0
9325,60246,101885,0
9326,30095,55803,0
9327,7367,58244,0
9328,14393,119241,0
9329,149063,28694,0
9330,112778,79763,0
9331,26481,71142,0
9332,16326,71641,0
9333,78434,44560,0
9334,28909,1670,0
9335,68666,6941,0
9336,49628,72530,0
9337,121928,98587,0
9338,92568,12925,0
9339,21519,56749,0
9340,8952,18289,0
9341,87964,26048,0
9342,118068,99333,0
9343,44235,36253,0
9344,77011,152153,0
9345,154089,150073,0
9346,62813,71016,0
9347,102875,150147,0
9348,86569,97064,0
9349,148708,89361,0
9350,128793,29629,0
9351,66498,32475,0
9352,109708,152720,0
9353,70821,60905,0
9354,66177,97906,0
9355,126923,68680,0
9356,6075,102149,0
9357,24068,76963,0
9358,28921,81827,0
9359,82664,143493,0
9360,7772,106727,0
9361,152743,137054,0
9362,22124,76989,0
9363,71364,65553,0
9364,109950,39415,0
9365,25964,124223,0
9366,40338,7074,0
9367,123053,10561,0
9368,76129,120251,0
9369,40294,3751,0
9370,94776,87035,0
9371,136853,28426,0
9372,58301,133856,0
9373,140161,112584,0
9374,123977,51935,0
9375,9275,48202,0
9376,148399,122222,0
9377,49605,150059,0
9378,114412,71781,0
9379,134861,147073,0
9380,38173,59736,0
9381,141143,117276,0
9382,97885,107353,0
9383,144174,14648,0
9384,142918,58547,0
9385,130087,49264,0
9386,71748,81422,0
9387,42940,98584,0
9388,122607,51981,0
9389,102542,3128,0
9390,150366,95675,0
9391,84880,99027,0
9392,142757,46193,0
9393,134727,30188,0
9394,152103,151211,0
9395,4376,25877,0
9396,129094,54570,0
9397,110452,105403,0
9398,55733,93082,0
9399,49997,19783,0
9400,3833,90944,0
9401,34109,56979,0
9402,70816,36895,0
9403,62571,147492,0
9404,46399,107102,0
9405,20532,6410,0
9406,78620,16063,0
9407,93962,3212,0
9408,51951,90843,0
9409,138227,60211,0
9410,30789,122408,0
9411,29563,129550,0
9412,97181,147249,0
9413,117410,70605,0
9414,20164,120357,0
9415,6098,46551,0
9416,115845,143009,0
9417,74051,19681,0
9418,28240,100454,0
9419,132655,49234,0
9420,21957,113111,0
9421,18291,126736,0
9422,52144,88072,0
9423,25740,995,0
9424,105121,1766,0
9425,92898,23444,0
9426,148599,136932,0
9427,57336,118106,0
9428,38493,125160,0
9429,66402,76451,0
9430,33681,134028,0
9431,14951,31811,0
9432,114663,82312,0
9433,24878,68920,0
9434,90671,9017,0
9435,95500,50930,0
9436,68155,104065,0
9437,67467,78712,0
9438,149421,110981,0
9439,52686,77979,0
9440,101805,18349,0
9441,101072,23734,0
9442,107460,26744,0
9443,138451,67185,0
9444,80845,28599,0
9445,33798,103815,0
9446,15997,112885,0
9447,46603,79093,0
9448,56361,61424,0
9449,98090,134272,0
9450,93279,143565,0
9451,39724,69962,0
9452,71164,46628,0
9453,3779,79255,0
9454,47510,102003,0
9455,112913,72237,0
9456,55724,92727,0
9457,73295,141249,0
9458,90673,89035,0
9459,85148,83355,0
9460,139557,111607,0
9461,131354,64000,0
9462,152333,68887,0
9463,17020,94667,0
9464,27396,89297,0
9465,47842,16757,0
9466,128211,136217,0
9467,153855,127118,0
9468,103637,153257,0
9469,32456,78280,0
9470,71510,122063,0
9471,13631,100443,0
9472,86597,37938,0
9473,63698,15704,0
9474,58507,108117,0
9475,144025,13756,0
9476,68335,30995,0
9477,23309,30097,0
9478,97970,32844,0
9479,127007,5700,0
9480,141735,154750,0
9481,128858,32503,0
9482,36656,69920,0
9483,123251,71864,0
9484,95089,120878,0
9485,83419,19334,0
9486,59539,64357,0
9487,99142,149717,0
9488,94363,25065,0
9489,14506,86166,0
9490,68365,95230,0
9491,76492,75892,0
9492,96009,110307,0
9493,149699,51741,0
9494,43973,102740,0
9495,115553,51071,0
9496,30065,109510,0
9497,91743,69958,0
9498,146555,107481,0
9499,126927,12946,0
9500,51737,34938,0
9501,79339,7726,0
9502,104449,127676,0
9503,142114,57599,0
9504,46362,42008,0
9505,28687,19801,0
9506,67676,78130,0
9507,115761,49127,0
9508,116237,153235,0
9509,19397,41368,0
9510,69337,41447,0
9511,109947,36963,0
9512,27933,17898,0
9513,152404,25143,0
9514,57493,132958,0
9515,25949,29781,0
9516,12053,119762,0
9517,53870,8955,0
9518,134225,146001,0
9519,76593,108364,0
9520,51015,90177,0
9521,12493,122161,0
9522,15788,53468,0
9523,98431,107827,0
9524,8717,50133,0
9525,14542,134639,0
9526,11230,10135,0
9527,82240,130272,0
9528,123853,60630,0
9529,139045,140517,0
9530,84547,151016,0
9531,147567,61767,0
9532,76434,31303,0
9533,92668,68496,0
9534,118657,130556,0
9535,82044,1905,0
9536,54574,63027,0
9537,154609,131486,0
9538,92719,43631,0
9539,68809,37093,0
9540,29619,97321,0
9541,68435,74321,0
9542,93389,42579,0
9543,96364,90224,0
9544,100836,126729,0
9545,30742,99945,0
9546,19431,108017,0
9547,85186,151043,0
9548,122729,147984,0
9549,152786,139236,0
9550,88941,142829,0
9551,41609,69157,0
9552,90213,144412,0
9553,56439,399,0
9554,106975,132081,0
9555,130393,71590,0
9556,108021,101126,0
9557,116692,140267,0
9558,17784,49049,0
9559,149889,115919,0
9560,52037,49444,0
9561,44659,68510,0
9562,22808,103760,0
9563,133602,6804,0
9564,40211,81832,0
9565,91756,117681,0
9566,27242,83274,0
9567,19480,22155,0
9568,24946,150370,0
9569,20899,45649,0
9570,26839,135984,0
9571,1242,129742,0
9572,106192,113670,0
9573,89434,139420,0
9574,140984,116466,0
9575,75314,49435,0
9576,107085,31925,0
9577,119138,94242,0
9578,31406,63441,0
9579,99396,4181,0
9580,92416,39041,0
9581,26188,6654,0
9582,108548,131541,0
9583,41209,72279,0
9584,22434,54135,0
9585,88437,107964,0
9586,28695,4519,0
9587,136180,79118,0
9588,34690,125388,0
9589,69068,70597,0
9590,14048,32178,0
9591,134891,48382,0
9592,119466,112975,0
9593,47362,113480,0
9594,5115,71781,0
9595,59038,36294,0
9596,85782,119534,0
9597,87942,93268,0
9598,17483,44602,0
9599,64322,151766,0
9600,10425,28843,0
9601,87862,108749,0
9602,55050,37867,0
9603,104579,47763,0
9604,39540,139550,0
9605,122920,9200,0
9606,73615,64707,0
9607,141921,47978,0
9608,152935,124717,0
9609,93647,83379,0
9610,15577,129055,0
9611,31783,14687,0
9612,115992,39063,0
9613,148983,39273,0
9614,149733,10170,0
9615,97940,110520,0
9616,125659,71460,0
9617,1303,110831,0
9618,90162,102073,0
9619,56704,79394,0
9620,115845,17712,0
9621,124837,77607,0
9622,89975,11920,0
9623,70806,20902,0
9624,118471,46958,0
9625,84090,56684,0
9626,3990,143616,0
9627,91942,12190,0
9628,55278,134577,0
9629,132098,44131,0
9630,76802,49684,0
9631,146576,46439,0
9632,116981,57663,0
9633,134113,81142,0
9634,21045,16245,0
9635,135183,133458,0
9636,20145,95655,0
9637,100207,58262,0
9638,14964,144515,0
9639,130775,80533,0
9640,82155,3526,0
9641,42818,79778,0
9642,88164,130312,0
9643,63841,41734,0
9644,75787,34599,0
9645,117430,145824,0
9646,90845,117424,0
9647,146055,118119,0
9648,36674,146365,0
9649,127653,72183,0
9650,93025,33158,0
9651,138100,57000,0
9652,144310,17692,0
9653,60529,15564,0
9654,153834,99139,0
9655,81584,112761,0
9656,129134,144462,0
9657,55588,68553,0
9658,36249,6256,0
9659,4786,125639,0
9660,82858,3226,0
9661,140118,144711,0
9662,127132,97207,0
9663,130332,78774,0
9664,79393,7503,0
9665,37140,83513,0
9666,14448,35699,0
9667,18532,23108,0
9668,120026,35857,0
9669,129991,9786,0
9670,96152,69855,0
9671,59716,98209,0
9672,30411,14460,0
9673,120612,10626,0
9674,74894,65917,0
9675,128708,58311,0
9676,60881,16942,0
9677,11899,2009,0
9678,43556,81601,0
9679,142,127208,0
9680,80557,121298,0
9681,3547,7126,0
9682,29295,12792,0
9683,16280,31572,0
9684,126205,25455,0
9685,67129,136064,0
9686,79576,8411,0
9687,38174,48639,0
9688,97654,28962,0
9689,72343,114494,0
9690,56356,128865,0
9691,88518,117515,0
9692,42568,86834,0
9693,228,39047,0
9694,106082,136928,0
9695,55430,40591,0
9696,54162,72965,0
9697,136763,55821,0
9698,91142,49917,0
9699,1014,134578,0
9700,2706,153998,0
9701,79873,134426,0
9702,124611,45570,0
9703,68380,145323,0
9704,56607,94275,0
9705,99725,25969,0
9706,58103,127599,0
9707,2128,121441,0
9708,42967,52618,0
9709,102312,3251,0
9710,97687,74251,0
9711,134366,118151,0
9712,33040,71516,0
9713,16636,80614,0
9714,88640,7539,0
9715,9882,75723,0
9716,76389,23121,0
9717,45196,38736,0
9718,33907,113458,0
9719,27671,106177,0
9720,115685,28842,0
9721,21365,24995,0
9722,137482,48582,0
9723,4764,37166,0
9724,18548,62220,0
9725,50689,113348,0
9726,121464,66915,0
9727,72010,94187,0
9728,152129,142547,0
9729,104840,51192,0
9730,72248,118940,0
9731,100124,58657,0
9732,16352,9710,0
9733,144737,127964,0
9734,20596,13975,0
9735,70752,24149,0
9736,41996,126898,0
9737,4508,893,0
9738,1538,19498,0
9739,101277,144560,0
9740,58283,14124,0
9741,149881,4809,0
9742,71101,89248,0
9743,32577,147275,0
9744,15440,100644,0
9745,5714,132383,0
9746,153233,143068,0
9747,34584,116638,0
9748,82909,85956,0
9749,151189,14433,0
9750,131836,128852,0
9751,38780,2437,0
9752,104902,53264,0
9753,25546,145531,0
9754,33275,80033,0
9755,88801,70158,0
9756,98857,13874,0
9757,20683,34127,0
9758,132665,141013,0
9759,35597,98477,0
9760,146785,154956,0
9761,71283,8760,0
9762,60238,134857,0
9763,134146,33805,0
9764,117499,27218,0
9765,87341,117892,0
9766,95550,124857,0
9767,41541,17135,0
9768,59767,58508,0
9769,115932,86502,0
9770,56363,24753,0
9771,348,122561,0
9772,16523,116757,0
9773,29625,135419,0
9774,26196,143543,0
9775,123559,6509,0
9776,107370,150434,0
9777,146664,24510,0
9778,75447,154887,0
9779,149137,39252,0
9780,113196,144165,0
9781,91183,9050,0
9782,64189,137893,0
9783,102853,20247,0
9784,80038,2513,0
9785,136773,9430,0
9786,36612,133333,0
9787,116373,7968,0
9788,91760,49043,0
9789,53527,46081,0
9790,137571,31884,0
9791,20186,125639,0
9792,45829,149433,0
9793,6418,118628,0
9794,133910,24615,0
9795,98289,7981,0
9796,68534,28990,0
9797,19218,33119,0
9798,88642,128983,0
9799,83814,147368,0
9800,95366,115736,0
9801,70092,16518,0
9802,78498,121445,0
9803,97729,133230,0
9804,79848,142119,0
9805,139267,69427,0
9806,84114,14781,0
9807,84454,49562,0
9808,51763,2122,0
9809,122830,97332,0
9810,100290,71386,0
9811,55378,112397,0
9812,49423,135227,0
9813,354,101442,0
9814,3480,91783,0
9815,133269,90488,0
9816,132453,91199,0
9817,14807,52530,0
9818,85195,58317,0
9819,25596,127206,0
9820,123151,127829,0
9821,18767,68895,0
9822,154801,17252,0
9823,53659,130703,0
9824,120218,112133,0
9825,141743,120735,0
9826,66889,120011,0
9827,135536,49554,0
9828,65767,115362,0
9829,37546,21359,0
9830,147752,119497,0
9831,21664,30120,0
9832,18114,69305,0
9833,116318,130764,0
9834,116670,18967,0
9835,29816,116575,0
9836,114475,133906,0
9837,128449,94574,0
9838,97216,87632,0
9839,137943,67174,0
9840,95873,43629,0
9841,116063,105810,0
9842,139694,65069,0
9843,116327,18632,0
9844,141345,154305,0
9845,128870,48293,0
9846,4263,74604,0
9847,65330,117423,0
9848,118000,19945,0
9849,53236,127487,0
9850,137058,84765,0
9851,113709,40563,0
9852,11765,5171,0
9853,135691,75299,0
9854,129733,27655,0
9855,99004,120136,0
9856,110758,88383,0
9857,47268,121211,0
9858,62022,113333,0
9859,129766,60234,0
9860,39248,148027,0
9861,40123,94521,0
9862,118023,33771,0
9863,88040,74569,0
9864,99633,12425,0
9865,138099,56677,0
9866,63742,69944,0
9867,93127,127674,0
9868,93705,92931,0
9869,107376,76819,0
9870,141046,58860,0
9871,97563,8418,0
9872,369,27208,0
9873,2666,111784,0
9874,24448,69329,0
9875,46774,27562,0
9876,110496,60634,0
9877,104278,119346,0
9878,153302,70573,0
9879,27861,73933,0
9880,10183,123720,0
9881,113514,59190,0
9882,113502,108440,0
9883,35052,40458,0
9884,73392,125396,0
9885,143947,4424,0
9886,2672,94824,0
9887,56057,135770,0
9888,17322,21738,0
9889,59736,94316,0
9890,132428,72427,0
9891,21107,116684,0
9892,103282,124886,0
9893,95920,26532,0
9894,137756,34536,0
9895,136382,149229,0
9896,18496,148924,0
9897,140586,114610,0
9898,147994,7775,0
9899,105211,99387,0
9900,137698,15741,0
9901,43409,112538,0
9902,100075,37614,0
9903,47697,3874,0
9904,136497,54323,0
9905,144806,78598,0
9906,139000,75963,0
9907,76355,50197,0
9908,50841,78297,0
9909,97907,85843,0
9910,115557,95846,0
9911,13744,67267,0
9912,98164,130213,0
9913,154920,103040,0
9914,52609,103259,0
9915,135645,52522,0
9916,68306,27121,0
9917,73340,114773,0
9918,150940,37090,0
9919,19736,79965,0
9920,8989,48151,0
9921,144591,114123,0
9922,125523,99031,0
9923,94749,151821,0
9924,110537,36157,0
9925,57233,74951,0
9926,117936,96395,0
9927,145165,3001,0
9928,100607,72672,0
9929,4996,143937,0
9930,124232,48781,0
9931,109352,48735,0
9932,134870,122020,0
9933,136096,131023,0
9934,154693,93512,0
9935,72113,45434,0
9936,60337,130905,0
9937,55604,58919,0
9938,47654,118108,0
9939,56905,293,0
9940,48282,115695,0
9941,81374,28344,0
9942,133570,68425,0
9943,149730,61830,0
9944,71153,25282,0
9945,99391,40510,0
9946,82750,130927,0
9947,18251,143507,0
9948,143499,43811,0
9949,16418,153002,0
9950,3182,88073,0
9951,138323,112374,0
9952,144983,107679,0
9953,79474,18013,0
9954,122285,129351,0
9955,56823,71054,0
9956,145103,125595,0
9957,27267,10322,0
9958,60267,58584,0
9959,31337,35908,0
9960,124363,22355,0
9961,18439,90853,0
9962,78552,143879,0
9963,65654,19479,0
9964,105635,98261,0
9965,29118,63678,0
9966,78737,86546,0
9967,148821,77675,0
9968,85328,88490,0
9969,57179,113882,0
9970,123230,108820,0
9971,129400,78709,0
9972,7007,2990,0
9973,13619,126147,0
9974,99502,134783,0
9975,87346,41911,0
9976,90162,36136,0
9977,53707,110494,0
9978,33356,122766,0
9979,19969,24082,0
9980,151646,91063,0
9981,79562,60843,0
9982,61575,150025,0
9983,4818,94842,0
9984,127762,53489,0
9985,52654,152277,0
9986,115383,52219,0
9987,35616,149996,0
9988,107653,145180,0
9989,91400,97862,0
9990,67348,81037,0
9991,68324,96135,0
9992,155080,7939,0
9993,29132,129002,0
9994,146466,37063,0
9995,9312,26946,0
9996,25332,150725,0
9997,107722,110144,0
9998,136254,130935,0
9999,112134,82742,0
10000,123558,32321,0
10001,142410,150660,0
10002,23444,25127,0
10003,133847,131254,0
10004,134492,3559,0
10005,30921,119816,0
10006,98468,113416,0
10007,143470,29322,0
10008,111991,84628,0
10009,117335,494,0
10010,33354,9956,0
10011,50311,12923,0
10012,63975,94734,0
10013,123161,69102,0
10014,152893,131449,0
10015,108874,21150,0
10016,93106,30285,0
10017,21394,86331,0
10018,134599,62553,0
10019,11082,137945,0
10020,8941,101434,0
10021,10902,17540,0
10022,86220,86995,0
10023,81093,62859,0
10024,86544,12241,0
10025,136852,8599,0
10026,92054,85419,0
10027,14485,113472,0
10028,72896,122120,0
10029,136545,13214,0
10030,73327,146816,0
10031,14162,148846,0
10032,134323,24541,0
10033,83876,137098,0
10034,612,33380,0
10035,118799,43688,0
10036,80132,91105,0
10037,115360,33841,0
10038,37233,136888,0
10039,54864,52273,0
10040,40258,88130,0
10041,94596,65001,0
10042,148327,36977,0
10043,97060,151602,0
10044,6124,123388,0
10045,24425,48660,0
10046,15561,81229,0
10047,72616,72025,0
10048,20281,79023,0
10049,132789,53710,0
10050,102747,24615,0
10051,122099,80648,0
10052,21084,63397,0
10053,9509,87838,0
10054,52512,148815,0
10055,124080,69426,0
10056,78882,32647,0
10057,132267,29123,0
10058,71304,54363,0
10059,37179,102971,0
10060,91066,60281,0
10061,129349,31762,0
10062,64673,26404,0
10063,43094,62129,0
10064,97105,43216,0
10065,69422,1232,0
10066,73080,110384,0
10067,81465,37895,0
10068,120013,7334,0
10069,110274,93862,0
10070,130895,88476,0
10071,153248,37006,0
10072,139133,20176,0
10073,133238,111581,0
10074,77759,51613,0
10075,42027,55116,0
10076,143642,115155,0
10077,20838,35457,0
10078,89194,122472,0
10079,28335,52603,0
10080,132183,48426,0
10081,143270,92722,0
10082,52651,152110,0
10083,67412,77828,0
10084,3029,8776,0
10085,155115,69773,0
10086,27582,124734,0
10087,17595,77537,0
10088,30962,19457,0
10089,35600,68043,0
10090,15345,100034,0
10091,140876,133769,0
10092,85729,41792,0
10093,77326,25405,0
10094,18769,31189,0
10095,23757,94078,0
10096,3721,112161,0
10097,111377,95561,0
10098,107475,32477,0
10099,88268,94439,0
10100,67353,118541,0
10101,124116,129783,0
10102,147871,17911,0
10103,84840,120955,0
10104,113537,135754,0
10105,95671,34032,0
10106,21192,113194,0
10107,96526,68004,0
10108,59837,26018,0
10109,70628,70488,0
10110,40120,93356,0
10111,61708,106320,0
10112,127920,24029,0
10113,58519,76531,0
10114,27641,108333,0
10115,77127,48738,0
10116,2722,35476,0
10117,51965,140574,0
10118,128364,17386,0
10119,72161,13003,0
10120,38945,83573,0
10121,132141,73886,0
10122,52997,88102,0
10123,23638,148283,0
10124,141511,31339,0
10125,132837,65880,0
10126,17318,51435,0
10127,46624,141194,0
10128,51802,37493,0
10129,4649,146867,0
10130,118934,131765,0
10131,34109,62438,0
10132,72459,100522,0
10133,136931,107968,0
10134,132460,5122,0
10135,45415,37895,0
10136,136839,87109,0
10137,11029,31726,0
10138,31807,105688,0
10139,98961,67311,0
10140,10422,98350,0
10141,125033,109331,0
10142,151010,135044,0
10143,10402,133993,0
10144,62493,85534,0
10145,130233,143887,0
10146,95457,135314,0
10147,130775,92523,0
10148,111315,141428,0
10149,91083,23268,0
10150,29886,9147,0
10151,2103,46452,0
10152,1581,3280,0
10153,146564,72034,0
10154,15153,139817,0
10155,108028,39557,0
10156,40058,148543,0
10157,30899,77815,0
10158,120674,97236,0
10159,140386,27358,0
10160,150567,12350,0
10161,154532,124554,0
10162,66060,38871,0
10163,67553,54769,0
10164,79727,139060,0
10165,133650,40565,0
10166,72069,144290,0
10167,64630,125900,0
10168,139639,33234,0
10169,102634,108657,0
10170,105308,119106,0
10171,84060,111674,0
10172,1970,15138,0
10173,12484,62290,0
10174,26961,105651,0
10175,123251,38812,0
10176,96918,139795,0
10177,55126,112803,0
10178,110771,51068,0
10179,113118,31509,0
10180,115571,109490,0
10181,152051,106638,0
10182,85067,93841,0
10183,128572,68124,0
10184,147285,143087,0
10185,32341,30375,0
10186,18532,55026,0
10187,138448,23724,0
10188,99703,124748,0
10189,93143,52401,0
10190,90145,3652,0
10191,152029,16109,0
10192,39019,8983,0
10193,44791,122696,0
10194,103573,33638,0
10195,149108,43654,0
10196,6907,87745,0
10197,27232,48765,0
10198,59461,121506,0
10199,114517,141329,0
10200,64333,78674,0
10201,59136,103740,0
10202,22701,89620,0
10203,138765,49490,0
10204,16628,35212,0
10205,43030,22779,0
10206,20123,4045,0
10207,144701,125993,0
10208,59639,148398,0
10209,150631,49031,0
10210,51754,57728,0
10211,38293,26549,0
10212,111094,3807,0
10213,45913,9546,0
10214,126319,97201,0
10215,44811,128844,0
10216,134046,134370,0
10217,78895,13179,0
10218,148022,77984,0
10219,4875,21270,0
10220,45334,3044,0
10221,112831,113042,0
10222,28047,77981,0
10223,27224,22449,0
10224,98697,82015,0
10225,14774,18860,0
10226,108980,15393,0
10227,27377,6204,0
10228,119893,36079,0
10229,140073,88642,0
10230,42855,63616,0
10231,129372,81743,0
10232,64668,35986,0
10233,111303,143859,0
10234,4153,84350,0
10235,91639,115683,0
10236,64396,36340,0
10237,44951,76838,0
10238,109376,26282,0
10239,37205,86012,0
10240,76719,43173,0
10241,14862,146322,0
10242,145779,72769,0
10243,144735,66685,0
10244,95491,65094,0
10245,91425,48692,0
10246,29621,19231,0
10247,132897,16598,0
10248,45505,114877,0
10249,144833,137641,0
10250,111519,104541,0
10251,148018,45308,0
10252,56613,40036,0
10253,69538,154681,0
10254,151575,148159,0
10255,151887,69777,0
10256,5494,480,0
10257,117203,77751,0
10258,82220,73851,0
10259,74438,122935,0
10260,110395,22166,0
10261,64777,87450,0
10262,76450,101854,0
10263,28031,17701,0
10264,96127,39290,0
10265,132296,9970,0
10266,67242,12274,0
10267,84509,139959,0
10268,126847,11955,0
10269,103797,84044,0
10270,108695,45475,0
10271,144070,30081,0
10272,129809,1863,0
10273,58180,27714,0
10274,6307,49593,0
10275,115863,114161,0
10276,83674,99949,0
10277,50321,133713,0
10278,133982,203,0
10279,140525,151158,0
10280,154104,17448,0
10281,143642,107133,0
10282,23502,63849,0
10283,118790,10047,0
10284,123254,1146,0
10285,44480,127573,0
10286,54274,54315,0
10287,109875,74879,0
10288,134414,151748,0
10289,98333,134290,0
10290,134376,63050,0
10291,147011,92490,0
10292,89148,53722,0
10293,79957,92756,0
10294,94403,40838,0
10295,45784,135133,0
10296,40994,98716,0
10297,15015,96521,0
10298,122798,97936,0
10299,104671,53805,0
10300,151976,130046,0
10301,35392,55615,0
10302,147097,72688,0
10303,56584,130690,0
10304,18611,53906,0
10305,105137,104829,0
10306,130075,9510,0
10307,24883,152113,0
10308,26828,75392,0
10309,120200,36822,0
10310,95128,31574,0
10311,57444,50242,0
10312,55441,58508,0
10313,29978,153892,0
10314,67477,151270,0
10315,90939,12460,0
10316,61843,62626,0
10317,114677,74524,0
10318,9931,13457,0
10319,150599,141547,0
10320,36640,130010,0
10321,9309,114484,0
10322,41980,90117,0
10323,128452,61287,0
10324,16796,17665,0
10325,13425,137992,0
10326,42740,11913,0
10327,38450,120224,0
10328,135979,98365,0
10329,50999,130925,0
10330,145098,27471,0
10331,129172,83177,0
10332,16836,80902,0
10333,145370,87359,0
10334,54575,149513,0
10335,37410,69390,0
10336,31081,111438,0
10337,144110,22888,0
10338,57128,34810,0
10339,118801,21366,0
10340,63659,108862,0
10341,135530,85708,0
10342,37566,97118,0
10343,33282,60612,0
10344,141685,66347,0
10345,3813,147676,0
10346,54922,3549,0
10347,127505,36491,0
10348,14285,36478,0
10349,6679,852,0
10350,111242,140844,0
10351,40834,146021,0
10352,27872,72322,0
10353,33463,117494,0
10354,61450,3167,0
10355,28928,22316,0
10356,90019,6680,0
10357,123892,93355,0
10358,128944,94713,0
10359,109732,54868,0
10360,153275,94838,0
10361,132711,53247,0
10362,2201,57712,0
10363,6228,108328,0
10364,102081,153592,0
10365,25286,115639,0
10366,82407,122416,0
10367,56517,68337,0
10368,143403,82454,0
10369,147442,77528,0
10370,110452,124397,0
10371,137461,79418,0
10372,122464,41001,0
10373,97910,71391,0
10374,67676,62994,0
10375,87362,49870,0
10376,66050,119939,0
10377,24440,93556,0
10378,109142,93938,0
10379,131962,65848,0
10380,106051,80269,0
10381,43366,131098,0
10382,106574,41890,0
10383,33415,44524,0
10384,2446,22350,0
10385,51881,139219,0
10386,31189,110994,0
10387,56495,105272,0
10388,142485,126253,0
10389,102468,130140,0
10390,118083,139511,0
10391,45268,6862,0
10392,116577,100810,0
10393,17686,86600,0
10394,69687,21617,0
10395,98223,41632,0
10396,3702,136026,0
10397,145749,50101,0
10398,32216,17835,0
10399,87912,116968,0
10400,72036,14830,0
10401,112872,25887,0
10402,54280,29591,0
10403,41251,92220,0
10404,68777,123194,0
10405,94183,97376,0
10406,93043,129919,0
10407,11984,48175,0
10408,92144,97533,0
10409,25039,29609,0
10410,28139,125940,0
10411,65343,127940,0
10412,66657,72444,0
10413,101011,119024,0
10414,39995,25288,0
10415,111198,139853,0
10416,71307,18996,0
10417,125094,103867,0
10418,120039,126553,0
10419,103511,86675,0
10420,126362,60756,0
10421,13661,35584,0
10422,10867,75115,0
10423,127920,119098,0
10424,108949,73466,0
10425,15227,21198,0
10426,146308,73530,0
10427,110438,81681,0
10428,47731,107882,0
10429,96636,44923,0
10430,82334,101649,0
10431,6549,23963,0
10432,90787,119962,0
10433,151633,31419,0
10434,144875,46451,0
10435,134001,32214,0
10436,39108,103266,0
10437,153343,71498,0
10438,17785,101659,0
10439,28792,109121,0
10440,31585,86413,0
10441,96558,91660,0
10442,81711,48082,0
10443,127342,298,0
10444,105886,93411,0
10445,12611,81087,0
10446,962,114089,0
10447,96430,57599,0
10448,3426,82148,0
10449,107357,133005,0
10450,110352,134016,0
10451,107426,135753,0
10452,49013,85262,0
10453,100749,41920,0
10454,47075,82971,0
10455,96084,9050,0
10456,82873,130959,0
10457,320,116323,0
10458,3354,18749,0
10459,37831,52395,0
10460,149532,77767,0
10461,60376,8086,0
10462,90086,141946,0
10463,72408,96310,0
10464,138980,1360,0
10465,54513,110815,0
10466,94612,83248,0
10467,137302,108269,0
10468,127246,29271,0
10469,108440,63664,0
10470,35769,151234,0
10471,119368,16186,0
10472,138374,132806,0
10473,85732,32627,0
10474,122064,61661,0
10475,46504,148050,0
10476,5527,104900,0
10477,121178,14876,0
10478,79922,134571,0
10479,53770,25681,0
10480,3937,64952,0
10481,141553,72004,0
10482,111921,94214,0
10483,119185,44824,0
10484,49910,62091,0
10485,16907,52774,0
10486,27170,93738,0
10487,6232,86052,0
10488,143736,105164,0
10489,12272,37780,0
10490,49213,49989,0
10491,58320,111908,0
10492,130159,88707,0
10493,4748,23690,0
10494,151309,24547,0
10495,28256,133817,0
10496,90903,129637,0
10497,154297,42447,0
10498,107606,129868,0
10499,149323,125715,0
10500,121854,132419,0
10501,120334,39674,0
10502,83391,24295,0
10503,4974,144198,0
10504,18440,41387,0
10505,64835,111772,0
10506,98526,103032,0
10507,118060,76244,0
10508,35819,88559,0
10509,143400,125526,0
10510,57788,110049,0
10511,59365,146072,0
10512,87103,129630,0
10513,4359,22201,0
10514,66099,76967,0
10515,126355,16285,0
10516,50297,93276,0
10517,103682,99197,0
10518,60793,127089,0
10519,119137,123371,0
10520,47550,108524,0
10521,87673,35896,0
10522,37165,53224,0
10523,86315,141117,0
10524,125871,32784,0
10525,59505,50181,0
10526,96226,32226,0
10527,96555,62956,0
10528,22953,27428,0
10529,94282,15091,0
10530,13854,15862,0
10531,110703,149999,0
10532,33409,40682,0
10533,128380,28007,0
10534,67242,152531,0
10535,111841,65804,0
10536,49278,136464,0
10537,24252,68142,0
10538,91401,131307,0
10539,124774,46057,0
10540,45359,111245,0
10541,86374,103430,0
10542,134509,153140,0
10543,138555,39053,0
10544,44980,56834,0
10545,107897,131355,0
10546,38192,143710,0
10547,77046,126262,0
10548,84556,135507,0
10549,54834,50876,0
10550,9048,42729,0
10551,100022,94374,0
10552,57697,23656,0
10553,92549,45966,0
10554,3294,77034,0
10555,30174,62459,0
10556,124625,147991,0
10557,114169,109581,0
10558,75501,76439,0
10559,136232,49440,0
10560,142608,12746,0
10561,20086,116053,0
10562,92719,77816,0
10563,57690,99562,0
10564,64503,126468,0
10565,104412,6611,0
10566,97654,142216,0
10567,26258,4621,0
10568,36461,28985,0
10569,116632,91705,0
10570,666,136587,0
10571,26335,66243,0
10572,83112,108311,0
10573,144707,20841,0
10574,69192,109691,0
10575,96843,29769,0
10576,101581,139333,0
10577,136160,61789,0
10578,37087,12431,0
10579,118221,34593,0
10580,23039,38932,0
10581,50082,53212,0
10582,125324,49162,0
10583,57723,34165,0
10584,112350,117099,0
10585,60755,45222,0
10586,18320,7615,0
10587,33238,143776,0
10588,108336,39547,0
10589,134664,148440,0
10590,136432,65956,0
10591,71824,97834,0
10592,699,24003,0
10593,26071,119443,0
10594,26454,25234,0
10595,36003,22780,0
10596,104173,14895,0
10597,52925,120370,0
10598,120622,47764,0
10599,129391,125464,0
10600,135855,47712,0
10601,129647,48074,0
10602,146923,81575,0
10603,143029,153491,0
10604,116916,41016,0
10605,154180,149493,0
10606,112212,28871,0
10607,96742,38044,0
10608,3328,8954,0
10609,24260,10229,0
10610,106088,19150,0
10611,1434,29321,0
10612,130471,127169,0
10613,46545,5380,0
10614,96738,129552,0
10615,14916,153922,0
10616,84783,133302,0
10617,93872,119088,0
10618,14371,130172,0
10619,114837,131104,0
10620,136182,107957,0
10621,140646,70961,0
10622,10151,41607,0
10623,100016,32772,0
10624,149249,14241,0
10625,69107,30663,0
10626,101425,110676,0
10627,92536,19304,0
10628,72403,107720,0
10629,142932,35024,0
10630,97833,92610,0
10631,147344,108891,0
10632,19473,125994,0
10633,131607,136988,0
10634,21823,108439,0
10635,32382,42397,0
10636,28452,132675,0
10637,56026,4619,0
10638,54211,53523,0
10639,59565,96356,0
10640,24645,87166,0
10641,66198,11069,0
10642,44172,137251,0
10643,122226,11232,0
10644,71964,44203,0
10645,142137,3413,0
10646,93997,102595,0
10647,109142,81774,0
10648,33682,132863,0
10649,10539,70892,0
10650,13505,145744,0
10651,89425,25802,0
10652,6361,104765,0
10653,142983,64597,0
10654,87786,12985,0
10655,118722,6112,0
10656,17751,9553,0
10657,79434,106440,0
10658,9707,52762,0
10659,133181,65354,0
10660,25506,18878,0
10661,44198,62592,0
10662,81334,1375,0
10663,102371,16042,0
10664,5288,37394,0
10665,43853,130832,0
10666,54707,114982,0
10667,149620,49120,0
10668,26164,66317,0
10669,125540,142501,0
10670,95196,9942,0
10671,69950,98750,0
10672,47704,130911,0
10673,23896,29191,0
10674,18858,100394,0
10675,75194,18141,0
10676,14163,3314,0
10677,112939,50338,0
10678,55640,143003,0
10679,38301,109972,0
10680,26573,39329,0
10681,146158,129673,0
10682,69159,76023,0
10683,138551,76294,0
10684,75415,52915,0
10685,60812,86172,0
10686,112819,1148,0
10687,138724,6279,0
10688,7487,24169,0
10689,36293,60012,0
10690,140,121782,0
10691,63235,29701,0
10692,26465,101089,0
10693,99219,69058,0
10694,114983,20790,0
10695,146121,110158,0
10696,61422,128272,0
10697,44007,126626,0
10698,52300,63263,0
10699,119012,35166,0
10700,135509,101080,0
10701,60797,149069,0
10702,65893,88303,0
10703,131811,39854,0
10704,15862,143419,0
10705,64300,107868,0
10706,72601,52373,0
10707,65507,38925,0
10708,129492,124338,0
10709,55947,18589,0
10710,135629,87160,0
10711,45080,105980,0
10712,25067,131879,0
10713,84506,41255,0
10714,34910,86100,0
10715,9346,142811,0
10716,3856,22518,0
10717,31552,133640,0
10718,116631,147774,0
10719,148837,154600,0
10720,19208,138292,0
10721,67255,124867,0
10722,24503,20150,0
10723,148618,87015,0
10724,68878,42976,0
10725,33443,106086,0
10726,67366,65035,0
10727,24945,75322,0
10728,74348,80750,0
10729,111111,152561,0
10730,67109,10923,0
10731,10928,43288,0
10732,83638,2075,0
10733,127942,66269,0
10734,128754,114445,0
10735,69586,39025,0
10736,66114,133314,0
10737,94453,138336,0
10738,36144,97053,0
10739,74560,35739,0
10740,103882,46315,0
10741,68952,122528,0
10742,55768,105749,0
10743,143176,104592,0
10744,74835,24353,0
10745,5613,145072,0
10746,123592,11798,0
10747,129778,19722,0
10748,73386,48775,0
10749,19208,49023,0
10750,30038,83750,0
10751,14836,109749,0
10752,4668,115372,0
10753,64596,83816,0
10754,91743,20111,0
10755,151099,112710,0
10756,85897,124914,0
10757,34113,107190,0
10758,28828,35241,0
10759,113792,55501,0
10760,96633,149149,0
10761,47596,15688,0
10762,107690,145387,0
10763,12442,73268,0
10764,70664,121874,0
10765,44555,90220,0
10766,561,9472,0
10767,67962,136018,0
10768,61475,15205,0
10769,11325,111104,0
10770,49570,67354,0
10771,84942,100770,0
10772,2382,44580,0
10773,116009,58187,0
10774,87565,7768,0
10775,110970,145205,0
10776,60007,35476,0
10777,105051,120476,0
10778,134211,143739,0
10779,19950,141424,0
10780,132789,64372,0
10781,148859,68057,0
10782,130725,7165,0
10783,57230,126707,0
10784,55983,47583,0
10785,32964,133022,0
10786,84537,44052,0
10787,80593,36694,0
10788,77542,31972,0
10789,113771,17387,0
10790,1439,96840,0
10791,115847,8976,0
10792,39592,86756,0
10793,70209,42276,0
10794,19288,56970,0
10795,10543,56228,0
10796,90580,35744,0
10797,92849,147085,0
10798,25463,88019,0
10799,144088,38052,0
10800,15945,19880,0
10801,41161,91684,0
10802,148233,141964,0
10803,46843,73946,0
10804,12575,94196,0
10805,24595,50031,0
10806,145868,35873,0
10807,94692,9106,0
10808,39140,14184,0
10809,15430,25697,0
10810,62243,143014,0
10811,131291,65681,0
10812,49557,44071,0
10813,143403,31020,0
10814,65274,46244,0
10815,13575,46606,0
10816,119197,38172,0
10817,60762,68795,0
10818,20409,44326,0
10819,141878,27555,0
10820,3818,36831,0
10821,102107,78266,0
10822,118985,115194,0
10823,116307,46499,0
10824,47254,1610,0
10825,5545,146960,0
10826,65944,11508,0
10827,89471,110272,0
10828,22386,44131,0
10829,19250,30618,0
10830,31485,6220,0
10831,21136,129276,0
10832,18821,75223,0
10833,150720,51788,0
10834,74294,41455,0
10835,27970,140668,0
10836,66505,41985,0
10837,125274,53385,0
10838,150351,127469,0
10839,22406,37727,0
10840,101209,18215,0
10841,53898,127590,0
10842,42019,154084,0
10843,112092,138282,0
10844,8759,25349,0
10845,67127,138136,0
10846,30722,85238,0
10847,18397,146885,0
10848,120511,73681,0
10849,149228,66412,0
10850,65744,107803,0
10851,68432,65808,0
10852,130192,61581,0
10853,56853,97184,0
10854,95967,124816,0
10855,131552,11050,0
10856,66095,51780,0
10857,137013,52853,0
10858,53162,154567,0
10859,154365,49516,0
10860,71621,141139,0
10861,127897,60633,0
10862,154698,143231,0
10863,147170,107313,0
10864,45829,154661,0
10865,54145,52892,0
10866,23175,50829,0
10867,133147,132468,0
10868,66780,23118,0
10869,137944,82130,0
10870,63603,78762,0
10871,25828,26380,0
10872,154837,137748,0
10873,50868,140100,0
10874,97944,3801,0
10875,115783,6215,0
10876,12556,67868,0
10877,55499,137871,0
10878,71878,59823,0
10879,145357,62590,0
10880,22101,100437,0
10881,122973,33189,0
10882,75279,60756,0
10883,30351,134878,0
10884,118741,82788,0
10885,45341,41280,0
10886,5218,111831,0
10887,142408,152087,0
10888,46173,59362,0
10889,96272,115496,0
10890,3629,139707,0
10891,148775,152004,0
10892,26265,92992,0
10893,91478,18818,0
10894,141744,92854,0
10895,26133,59173,0
10896,146283,32325,0
10897,134446,49192,0
10898,19646,20907,0
10899,106372,18932,0
10900,52453,15061,0
10901,9601,38026,0
10902,143875,12569,0
10903,86836,121104,0
10904,108107,67745,0
10905,90613,140420,0
10906,30835,135755,0
10907,111509,110893,0
10908,126325,142518,0
10909,54552,66143,0
10910,104441,49794,0
10911,148902,5348,0
10912,85753,22112,0
10913,107766,46941,0
10914,35698,65328,0
10915,95042,121912,0
10916,134396,140346,0
10917,96230,75548,0
10918,26587,2571,0
10919,67830,102152,0
10920,146362,17611,0
10921,102097,35088,0
10922,99772,29662,0
10923,8677,113726,0
10924,71119,9561,0
10925,63242,28029,0
10926,117266,87894,0
10927,34960,154333,0
10928,84497,14611,0
10929,76520,750,0
10930,32819,68041,0
10931,153678,72725,0
10932,112255,147553,0
10933,11047,119060,0
10934,30537,148760,0
10935,22670,96959,0
10936,96814,116906,0
10937,122878,121488,0
10938,79791,30857,0
10939,84932,40903,0
10940,21838,68965,0
10941,84470,110955,0
10942,82701,117958,0
10943,79917,97406,0
10944,58574,149028,0
10945,13994,96678,0
10946,41178,7231,0
10947,21439,39390,0
10948,34921,114425,0
10949,53699,140837,0
10950,91650,91978,0
10951,30467,88976,0
10952,95091,142227,0
10953,102993,153652,0
10954,145389,90337,0
10955,33347,101982,0
10956,117811,134160,0
10957,32404,23378,0
10958,54536,19968,0
10959,15458,114909,0
10960,71341,109641,0
10961,11841,5136,0
10962,92023,41544,0
10963,42597,127598,0
10964,96725,65112,0
10965,23919,84022,0
10966,118448,52301,0
10967,89040,49689,0
10968,41602,22987,0
10969,80957,27049,0
10970,15696,58876,0
10971,3922,46533,0
10972,154561,119681,0
10973,19342,89527,0
10974,77267,144813,0
10975,8348,57668,0
10976,21538,133042,0
10977,95306,69089,0
10978,21180,40359,0
10979,4417,142073,0
10980,15372,146275,0
10981,98526,138087,0
10982,43922,131371,0
10983,54905,128057,0
10984,22248,121390,0
10985,13097,74041,0
10986,45851,81442,0
10987,147508,65518,0
10988,54774,74306,0
10989,107666,6548,0
10990,144778,35769,0
10991,80067,143447,0
10992,145297,68431,0
10993,61794,93873,0
10994,34913,49385,0
10995,117140,47942,0
10996,52650,105799,0
10997,74667,108282,0
10998,99995,134159,0
10999,41124,20170,0
11000,86609,89887,0
11001,23900,121113,0
11002,77046,120148,0
11003,50938,2772,0
11004,33865,142745,0
11005,113203,6276,0
11006,102587,51997,0
11007,65455,14599,0
11008,121872,52579,0
11009,62243,20395,0
11010,34123,60659,0
11011,107645,35048,0
11012,80587,87627,0
11013,2005,61186,0
11014,123294,23619,0
11015,92547,128057,0
11016,32543,70683,0
11017,138766,144713,0
11018,45614,147254,0
11019,22454,78494,0
11020,28117,114865,0
11021,129849,154788,0
11022,137598,79954,0
11023,71513,93577,0
11024,71740,37386,0
11025,79457,93830,0
11026,86498,69443,0
11027,97390,68804,0
11028,150257,41290,0
11029,20522,633,0
11030,2763,129828,0
11031,8862,95194,0
11032,1288,49569,0
11033,130420,132699,0
11034,142964,120724,0
11035,105108,77498,0
11036,61901,119628,0
11037,36733,37632,0
11038,152944,76516,0
11039,134856,32145,0
11040,98992,129630,0
11041,128922,98459,0
11042,27206,32149,0
11043,100103,104527,0
11044,72355,138964,0
11045,3524,35455,0
11046,8970,86497,0
11047,39147,54058,0
11048,101403,101793,0
11049,154307,71618,0
11050,107888,43258,0
11051,77311,121190,0
11052,113082,107408,0
11053,109233,147521,0
11054,55344,23473,0
11055,97861,79979,0
11056,28813,18483,0
11057,30411,129716,0
11058,127881,139501,0
11059,20194,44356,0
11060,71332,29226,0
11061,43211,4477,0
11062,71143,61615,0
11063,41624,11737,0
11064,3363,23867,0
11065,3947,100779,0
11066,14056,79806,0
11067,73826,4479,0
11068,8319,3391,0
11069,67779,85440,0
11070,94705,22925,0
11071,118291,64474,0
11072,75010,124436,0
11073,138546,154827,0
11074,146317,78578,0
11075,1154,127791,0
11076,60917,29382,0
11077,147405,21277,0
11078,112352,60406,0
11079,15938,56788,0
11080,89844,101406,0
11081,97856,107692,0
11082,47068,29590,0
11083,130258,114213,0
11084,113173,7683,0
11085,53558,70630,0
11086,46221,133355,0
11087,140522,111417,0
11088,5733,67990,0
11089,97114,11701,0
11090,27321,131353,0
11091,16857,15049,0
11092,54963,80617,0
11093,41926,68800,0
11094,106940,89523,0
11095,11023,85472,0
11096,88146,60527,0
11097,102789,22233,0
11098,44895,44495,0
11099,127546,72907,0
11100,5885,148500,0
11101,150477,5481,0
11102,141442,61938,0
11103,62254,45233,0
11104,92257,116563,0
11105,2350,50068,0
11106,93791,61381,0
11107,21553,24103,0
11108,87446,74986,0
11109,82960,71740,0
11110,80751,150098,0
11111,76613,57266,0
11112,16165,3005,0
11113,94742,68343,0
11114,93413,2645,0
11115,125591,1441,0
11116,56734,62082,0
11117,120660,53135,0
11118,9204,40649,0
11119,47847,59152,0
11120,9811,122650,0
11121,83116,33937,0
11122,112544,121558,0
11123,120832,10620,0
11124,125323,7078,0
11125,70228,24627,0
11126,80609,28719,0
11127,65061,7182,0
11128,93372,7631,0
11129,40945,152842,0
11130,140318,27547,0
11131,39840,5911,0
11132,113405,111026,0
11133,112547,75707,0
11134,33019,58835,0
11135,130076,64005,0
11136,148920,11732,0
11137,82176,145331,0
11138,55596,32661,0
11139,144352,39312,0
11140,9084,94561,0
11141,61122,67268,0
11142,33890,41030,0
11143,5146,67910,0
11144,25404,136987,0
11145,79255,66512,0
11146,79055,128835,0
11147,124525,112594,0
11148,133809,132108,0
11149,110521,6321,0
11150,10876,72362,0
11151,23964,6916,0
11152,48115,24555,0
11153,58898,98744,0
11154,103440,23484,0
11155,50510,45022,0
11156,18885,10178,0
11157,82368,33507,0
11158,51033,101329,0
11159,77758,78905,0
11160,79227,71271,0
11161,85205,22044,0
11162,95237,95018,0
11163,49566,10287,0
11164,46158,79902,0
11165,5055,17532,0
11166,140878,3927,0
11167,56686,151869,0
11168,11685,130273,0
11169,76014,44639,0
11170,45809,4000,0
11171,62480,115537,0
11172,58204,6405,0
11173,79356,12014,0
11174,148493,112083,0
11175,116962,26628,0
11176,30441,27901,0
11177,139786,7410,0
11178,97360,59367,0
11179,31290,20798,0
11180,140180,109387,0
11181,13064,114432,0
11182,50356,88045,0
11183,108508,154148,0
11184,151838,15579,0
11185,82112,110272,0
11186,8615,67763,0
11187,145578,153744,0
11188,72948,31862,0
11189,36621,142448,0
11190,110228,54931,0
11191,21091,90642,0
11192,104258,141568,0
11193,61694,13386,0
11194,17607,30451,0
11195,3200,52429,0
11196,4682,17745,0
11197,99396,55709,0
11198,14902,115816,0
11199,2484,128681,0
11200,110933,42381,0
11201,127274,96393,0
11202,108266,120368,0
11203,88384,113475,0
11204,102362,30679,0
11205,33024,140071,0
11206,61494,140746,0
11207,150313,3526,0
11208,76645,79623,0
11209,48814,120086,0
11210,142195,134106,0
11211,31251,27081,0
11212,83432,80865,0
11213,139940,136179,0
11214,62822,68531,0
11215,48730,150290,0
11216,68868,144097,0
11217,37475,26467,0
11218,142708,8118,0
11219,90277,53573,0
11220,142907,47647,0
11221,29655,112432,0
11222,60632,1962,0
11223,70312,394,0
11224,99111,43951,0
11225,4993,130519,0
11226,14224,84301,0
11227,58858,80797,0
11228,50562,61952,0
11229,154284,13634,0
11230,21670,67295,0
11231,48067,118764,0
11232,37122,66910,0
11233,47423,86247,0
11234,94499,45811,0
11235,137550,57915,0
11236,124095,337,0
11237,20231,123618,0
11238,60682,38763,0
11239,131922,106104,0
11240,2591,31702,0
11241,142490,31849,0
11242,3190,30641,0
11243,96136,78310,0
11244,10766,129785,0
11245,93278,129147,0
11246,64041,2146,0
11247,136331,144050,0
11248,88326,111016,0
11249,144878,30269,0
11250,17784,112949,0
11251,132037,40604,0
11252,85488,100794,0
11253,120273,138632,0
11254,75378,153364,0
11255,34964,80860,0
11256,150504,147445,0
11257,69988,126200,0
11258,116220,140953,0
11259,147639,56037,0
11260,148257,152102,0
11261,91615,41453,0
11262,66978,53521,0
11263,104198,7881,0
11264,8545,37784,0
11265,7120,7942,0
11266,107861,126553,0
11267,49831,42187,0
11268,70530,14708,0
11269,41543,54992,0
11270,49910,109403,0
11271,34258,22341,0
11272,108843,115027,0
11273,27898,77387,0
11274,120763,128721,0
11275,116641,56746,0
11276,142882,83195,0
11277,142839,47455,0
11278,83939,128216,0
11279,76731,23632,0
11280,135170,64323,0
11281,9114,139792,0
11282,124095,94578,0
11283,32664,60929,0
11284,95978,153901,0
11285,67025,46118,0
11286,2319,111216,0
11287,75044,49534,0
11288,87422,105921,0
11289,111553,35186,0
11290,94891,31020,0
11291,131008,58093,0
11292,26971,96580,0
11293,87703,103163,0
11294,150437,12903,0
11295,42167,141393,0
11296,125267,33120,0
11297,50492,132165,0
11298,2923,88129,0
11299,120200,87072,0
11300,153863,41526,0
11301,36006,30406,0
11302,30636,152242,0
11303,122541,62278,0
11304,92318,15408,0
11305,18650,17313,0
11306,20440,63036,0
11307,5906,89744,0
11308,58196,71722,0
11309,15048,32932,0
11310,85737,65320,0
11311,109866,71356,0
11312,118594,89161,0
11313,135069,30891,0
11314,144998,93616,0
11315,77050,126279,0
11316,90007,15523,0
11317,112511,130527,0
11318,87182,96313,0
11319,152193,30140,0
11320,33667,79248,0
11321,72023,81373,0
11322,13381,38584,0
11323,87679,100054,0
11324,20025,57674,0
11325,33504,15856,0
11326,97820,45498,0
11327,109238,59343,0
11328,12330,57574,0
11329,15445,65493,0
11330,41414,20383,0
11331,150209,29856,0
11332,67653,75027,0
11333,124815,128183,0
11334,76130,91566,0
11335,66919,151314,0
11336,146545,152334,0
11337,60708,123706,0
11338,43588,80061,0
11339,64964,152106,0
11340,45202,141193,0
11341,110311,8501,0
11342,139794,115529,0
11343,25265,135232,0
11344,81441,103673,0
11345,53371,49539,0
11346,100264,119334,0
11347,114251,95181,0
11348,81465,115386,0
11349,154104,52431,0
11350,12304,69706,0
11351,124437,19582,0
11352,45634,81355,0
11353,71330,137767,0
11354,102698,28577,0
11355,65515,56898,0
11356,144968,129090,0
11357,28792,143559,0
11358,95637,153750,0
11359,28243,44776,0
11360,51100,10088,0
11361,125292,99724,0
11362,69020,17668,0
11363,53563,57287,0
11364,112778,45662,0
11365,146947,138877,0
11366,59594,43799,0
11367,37991,18159,0
11368,32928,146606,0
11369,30682,71644,0
11370,24112,1994,0
11371,61843,50708,0
11372,28455,66095,0
11373,113001,50896,0
11374,137166,66287,0
11375,78341,56799,0
11376,149332,40410,0
11377,22423,71819,0
11378,14024,38053,0
11379,11250,8318,0
11380,102266,139980,0
11381,32791,79120,0
11382,42878,5159,0
11383,138985,508,0
11384,131920,104825,0
11385,152389,99433,0
11386,33902,73226,0
11387,39959,93003,0
11388,98479,70122,0
11389,90830,154178,0
11390,151803,32545,0
11391,144556,9503,0
11392,116648,128535,0
11393,90961,77552,0
11394,79593,49953,0
11395,2113,45658,0
11396,109107,130190,0
11397,145561,108816,0
11398,5534,24148,0
11399,5307,113195,0
11400,107500,31933,0
11401,55268,80716,0
11402,51661,70324,0
11403,147234,76122,0
11404,113335,130574,0
11405,9023,140883,0
11406,120579,40985,0
11407,116284,132635,0
11408,98164,106458,0
11409,77075,102286,0
11410,111542,1499,0
11411,67573,108129,0
11412,7433,46438,0
11413,63877,134575,0
11414,9388,12517,0
11415,101988,114858,0
11416,66618,30052,0
11417,710,50724,0
11418,3175,63152,0
11419,44750,142999,0
11420,101437,14315,0
11421,12922,101453,0
11422,58487,90871,0
11423,55078,5690,0
11424,135151,59136,0
11425,61965,103933,0
11426,144252,124972,0
11427,114158,42956,0
11428,86853,55805,0
11429,70768,147482,0
11430,92436,27941,0
11431,141831,56474,0
11432,10464,41326,0
11433,30984,65821,0
11434,11737,114560,0
11435,31764,34780,0
11436,57216,787,0
11437,27704,23217,0
11438,77380,139705,0
11439,143819,149746,0
11440,73727,145737,0
11441,10719,85023,0
11442,65706,137100,0
11443,62707,41243,0
11444,28318,137093,0
11445,75043,42445,0
11446,119739,127191,0
11447,154404,14451,0
11448,98704,57383,0
11449,53728,13836,0
11450,24245,41950,0
11451,33207,109002,0
11452,76321,120475,0
11453,48266,71858,0
11454,51979,36456,0
11455,57797,28731,0
11456,109830,35655,0
11457,34434,119334,0
11458,20298,105776,0
11459,18229,147667,0
11460,138764,32273,0
11461,75523,150568,0
11462,97965,37500,0
11463,96151,54193,0
11464,37102,31276,0
11465,66605,90916,0
11466,26823,88081,0
11467,41834,78692,0
11468,22632,150085,0
11469,63445,8326,0
11470,49980,151472,0
11471,120336,82289,0
11472,92475,150029,0
11473,107339,9934,0
11474,127541,123360,0
11475,2062,85420,0
11476,90440,94611,0
11477,104258,11210,0
11478,14460,85417,0
11479,129411,68387,0
11480,93647,82069,0
11481,137508,141272,0
11482,150327,183,0
11483,139567,56331,0
11484,90093,11896,0
11485,130421,89634,0
11486,1489,73150,0
11487,15650,40993,0
11488,136000,115,0
11489,59959,57388,0
11490,153806,148398,0
11491,103014,61846,0
11492,22587,46048,0
11493,152354,54802,0
11494,1519,28658,0
11495,27111,53450,0
11496,32048,87893,0
11497,42263,102690,0
11498,17677,133333,0
11499,37182,125332,0
11500,131706,81436,0
11501,18750,424,0
11502,45002,103140,0
11503,92840,79698,0
11504,52802,18990,0
11505,46198,91464,0
11506,66853,17688,0
11507,24941,114215,0
11508,140481,49747,0
11509,152515,92369,0
11510,145958,110999,0
11511,135473,140869,0
11512,137234,12531,0
11513,14922,38523,0
11514,142177,33685,0
11515,108442,98266,0
11516,124289,117180,0
11517,32902,66356,0
11518,96871,149323,0
11519,63635,115747,0
11520,96163,77725,0
11521,41018,134522,0
11522,7240,154708,0
11523,117760,136858,0
11524,7946,120475,0
11525,148044,150169,0
11526,133392,116746,0
11527,24464,80915,0
11528,132604,19649,0
11529,134606,39044,0
11530,85943,83618,0
11531,2822,125642,0
11532,133443,18601,0
11533,10660,122919,0
11534,149653,25564,0
11535,56370,96070,0
11536,27508,22152,0
11537,40077,147358,0
11538,31455,103827,0
11539,135468,86967,0
11540,97911,117838,0
11541,95690,57807,0
11542,18873,5319,0
11543,53669,38085,0
11544,96151,105694,0
11545,149718,130814,0
11546,26788,72954,0
11547,829,41172,0
11548,44725,27100,0
11549,8264,41001,0
11550,131942,146675,0
11551,30304,42560,0
11552,132204,153326,0
11553,100355,41961,0
11554,48662,117457,0
11555,80802,34593,0
11556,98143,48251,0
11557,18697,137014,0
11558,27784,31209,0
11559,75955,46405,0
11560,149837,5680,0
11561,32334,10981,0
11562,90865,108668,0
11563,133534,120865,0
11564,95427,52705,0
11565,113952,103956,0
11566,85754,39242,0
11567,141304,36970,0
11568,117861,151767,0
11569,27907,37197,0
11570,113980,33746,0
11571,111810,63771,0
11572,12715,19183,0
11573,110292,20151,0
11574,108375,59278,0
11575,128237,10632,0
11576,152784,72743,0
11577,107142,74212,0
11578,47355,28953,0
11579,81784,132120,0
11580,55716,87064,0
11581,31955,67159,0
11582,34440,130088,0
11583,71964,63280,0
11584,39150,84678,0
11585,14631,148463,0
11586,73236,91345,0
11587,139027,106922,0
11588,1028,28310,0
11589,117619,105835,0
11590,76871,28166,0
11591,92464,100464,0
11592,102975,70528,0
11593,63081,83267,0
11594,106399,41559,0
11595,76349,34471,0
11596,112273,120580,0
11597,81122,54782,0
11598,145126,144097,0
11599,65491,118503,0
11600,5964,78835,0
11601,129465,119662,0
11602,16414,112816,0
11603,91639,62048,0
11604,150689,95448,0
11605,55091,154878,0
11606,53821,41433,0
11607,146425,95571,0
11608,125870,21977,0
11609,77503,69551,0
11610,81686,76324,0
11611,44009,24703,0
11612,134045,16991,0
11613,127638,58142,0
11614,113545,30206,0
11615,65812,97027,0
11616,21037,26791,0
11617,75484,133213,0
11618,135033,12478,0
11619,112269,18696,0
11620,138843,118587,0
11621,45814,18610,0
11622,90517,75148,0
11623,134065,107510,0
11624,80740,140770,0
11625,33556,15887,0
11626,10323,33883,0
11627,83422,25749,0
11628,33970,155031,0
11629,71670,138351,0
11630,13097,81913,0
11631,142665,21841,0
11632,111822,82710,0
11633,66154,122486,0
11634,69223,43704,0
11635,4074,71986,0
11636,42559,26321,0
11637,39924,91107,0
11638,29059,95466,0
11639,86310,69202,0
11640,48160,69773,0
11641,71114,30563,0
11642,129779,49515,0
11643,85772,86578,0
11644,87640,83598,0
11645,110143,40727,0
11646,110221,60253,0
11647,86855,85120,0
11648,89031,146513,0
11649,89791,63426,0
11650,84532,153137,0
11651,50358,138567,0
11652,6684,96923,0
11653,141038,51354,0
11654,50386,43704,0
11655,72161,81701,0
11656,138251,125064,0
11657,88098,112531,0
11658,1826,35596,0
11659,38620,42327,0
11660,82458,32137,0
11661,98463,120224,0
11662,51416,154237,0
11663,24691,87660,0
11664,106350,128474,0
11665,150895,51133,0
11666,80670,6793,0
11667,115066,8166,0
11668,82154,69708,0
11669,31255,104981,0
11670,73222,90624,0
11671,22417,103647,0
11672,142249,111034,0
11673,117980,61812,0
11674,37572,74663,0
11675,24075,153350,0
11676,94616,100741,0
11677,59594,137556,0
11678,36179,140945,0
11679,98232,17848,0
11680,53597,74238,0
11681,108180,107368,0
11682,25033,105676,0
11683,103163,144823,0
11684,101507,70395,0
11685,80618,56176,0
11686,65565,102833,0
11687,5682,53065,0
11688,114957,42427,0
11689,6999,18888,0
11690,26240,110971,0
11691,10076,135260,0
11692,23159,144389,0
11693,55657,7674,0
11694,50239,38424,0
11695,12817,109458,0
11696,131249,64279,0
11697,37781,94189,0
11698,140863,131642,0
11699,82839,107818,0
11700,93833,60766,0
11701,145888,104191,0
11702,104001,43787,0
11703,2704,74389,0
11704,2625,143265,0
11705,140181,5505,0
11706,89755,128296,0
11707,8401,122520,0
11708,86491,130416,0
11709,153843,18788,0
11710,29669,30894,0
11711,15758,49564,0
11712,138492,131353,0
11713,112382,3241,0
11714,59041,18362,0
11715,129577,154654,0
11716,84637,77367,0
11717,22263,31634,0
11718,37934,107806,0
11719,139148,86927,0
11720,152732,116326,0
11721,71622,38241,0
11722,131388,77168,0
11723,74047,13321,0
11724,82775,59926,0
11725,12926,45736,0
11726,100911,91585,0
11727,21321,55501,0
11728,117086,75159,0
11729,11902,92867,0
11730,89008,120726,0
11731,87679,109445,0
11732,106595,85032,0
11733,29486,58774,0
11734,72227,95826,0
11735,149154,118484,0
11736,102954,972,0
11737,32927,57318,0
11738,33287,79970,0
11739,63723,131710,0
11740,141453,89047,0
11741,124170,108196,0
11742,40098,39130,0
11743,100615,43741,0
11744,109975,5037,0
11745,98508,74851,0
11746,137756,21413,0
11747,70800,40350,0
11748,39698,132626,0
11749,53870,79672,0
11750,139595,137339,0
11751,45288,78144,0
11752,150,105343,0
11753,4593,25673,0
11754,141126,62034,0
11755,32666,114205,0
11756,65100,25754,0
11757,83521,106697,0
11758,154271,150610,0
11759,137214,107003,0
11760,5804,116818,0
11761,117008,120073,0
11762,100436,27202,0
11763,35345,66551,0
11764,74627,46091,0
11765,140931,114294,0
11766,35590,24094,0
11767,73687,138832,0
11768,150844,81023,0
11769,85753,8757,0
11770,46341,35148,0
11771,27769,89282,0
11772,65039,100781,0
11773,4417,140310,0
11774,99813,125776,0
11775,111736,110640,0
11776,50909,107431,0
11777,29628,95039,0
11778,74989,43616,0
11779,94632,120731,0
11780,131257,19499,0
11781,33443,2789,0
11782,68644,6626,0
11783,60037,79684,0
11784,73440,85038,0
11785,134869,51566,0
11786,30730,81911,0
11787,50963,153553,0
11788,20940,40752,0
11789,79529,130653,0
11790,16023,107358,0
11791,57796,145224,0
11792,69248,40752,0
11793,105832,148988,0
11794,115361,102785,0
11795,63226,97615,0
11796,124380,138121,0
11797,145389,1497,0
11798,8743,56408,0
11799,45813,135462,0
11800,125924,135887,0
11801,39161,99153,0
11802,74315,136226,0
11803,124611,147429,0
11804,20318,145453,0
11805,22331,18275,0
11806,16026,58713,0
11807,48332,104928,0
11808,90449,4527,0
11809,11865,145849,0
11810,119964,98058,0
11811,13993,133334,0
11812,110134,93344,0
11813,46603,84378,0
11814,35064,69239,0
11815,140388,14,0
11816,109951,73055,0
11817,58013,8110,0
11818,82603,9133,0
11819,928,93515,0
11820,7596,113942,0
11821,7457,106685,0
11822,147966,11149,0
11823,69204,100975,0
11824,128285,24361,0
11825,67411,109937,0
11826,134585,64653,0
11827,54091,79587,0
11828,39552,155143,0
11829,150512,76322,0
11830,90135,21849,0
11831,47719,13083,0
11832,71977,76399,0
11833,2968,91719,0
11834,12577,97552,0
11835,121887,17051,0
11836,142181,89687,0
11837,18257,12558,0
11838,96582,145035,0
11839,120109,18193,0
11840,131583,128885,0
11841,116055,50244,0
11842,6839,105969,0
11843,44920,149583,0
11844,41353,61680,0
11845,113301,109207,0
11846,34847,41767,0
11847,64137,41082,0
11848,36909,76287,0
11849,69355,98995,0
11850,105782,50172,0
11851,128360,92912,0
11852,74446,111623,0
11853,6284,114067,0
11854,68890,96361,0
11855,80848,31736,0
11856,141409,71659,0
11857,79865,26221,0
11858,73263,85678,0
11859,97390,42271,0
11860,107343,86618,0
11861,87559,73438,0
11862,2790,5659,0
11863,25006,127979,0
11864,73352,84444,0
11865,69535,97933,0
11866,141030,48251,0
11867,40952,34660,0
11868,69332,35324,0
11869,119853,35690,0
11870,88278,44066,0
11871,64976,47835,0
11872,61761,129717,0
11873,63378,9195,0
11874,55297,102543,0
11875,91903,89883,0
11876,107687,62643,0
11877,4401,8069,0
11878,133542,110865,0
11879,776,63275,0
11880,72364,33101,0
11881,153661,133584,0
11882,80254,144353,0
11883,128549,77399,0
11884,40741,88379,0
11885,113601,132953,0
11886,72719,128072,0
11887,79568,135523,0
11888,20509,154427,0
11889,154935,77019,0
11890,121787,81355,0
11891,51037,46262,0
11892,154129,21737,0
11893,152324,114418,0
11894,117176,91081,0
11895,44075,76775,0
11896,109325,39474,0
11897,10889,125187,0
11898,120952,148335,0
11899,119195,81393,0
11900,153235,2938,0
11901,132097,129327,0
11902,20940,91749,0
11903,43611,16976,0
11904,29448,103904,0
11905,88597,52562,0
11906,49639,143929,0
11907,3533,132319,0
11908,18199,11482,0
11909,359,41234,0
11910,14994,148958,0
11911,118366,74365,0
11912,3694,51016,0
11913,146749,84450,0
11914,116397,68617,0
11915,16630,78577,0
11916,94833,27251,0
11917,145710,98831,0
11918,16717,23860,0
11919,36445,152771,0
11920,128605,127773,0
11921,9993,145813,0
11922,86736,35843,0
11923,125430,9209,0
11924,101392,14924,0
11925,120200,136711,0
11926,44252,94541,0
11927,138999,126075,0
11928,147856,81017,0
11929,61659,7421,0
11930,58068,69054,0
11931,33863,69803,0
11932,140331,94263,0
11933,2826,29230,0
11934,143604,76255,0
11935,72337,46863,0
11936,127936,135699,0
11937,22553,14648,0
11938,42933,145949,0
11939,22313,44506,0
11940,103818,115060,0
11941,19209,128385,0
11942,130180,79638,0
11943,135275,52589,0
11944,26957,15825,0
11945,81341,93607,0
11946,78174,104847,0
11947,26468,25052,0
11948,90080,101349,0
11949,88854,99288,0
11950,52310,117701,0
11951,154977,10316,0
11952,79594,7122,0
11953,56607,109761,0
11954,127098,73763,0
11955,105935,79757,0
11956,102465,107528,0
11957,19741,149089,0
11958,39728,98975,0
11959,64683,121984,0
11960,110822,55122,0
11961,92158,125499,0
11962,26232,134899,0
11963,111580,5566,0
11964,117374,132240,0
11965,76615,118728,0
11966,48595,4140,0
11967,7850,129502,0
11968,110886,92672,0
11969,97911,132771,0
11970,147963,114713,0
11971,64637,138723,0
11972,15806,49687,0
11973,155005,59453,0
11974,48924,49266,0
11975,69874,108390,0
11976,17609,86799,0
11977,62358,84581,0
11978,76494,125330,0
11979,154563,78381,0
11980,134652,35917,0
11981,115554,72958,0
11982,125698,81295,0
11983,110507,89245,0
11984,41391,148507,0
11985,536,134567,0
11986,141899,77715,0
11987,85633,120339,0
11988,8394,59726,0
11989,91971,17495,0
11990,43905,82941,0
11991,84155,103545,0
11992,153309,150207,0
11993,61609,116071,0
11994,90160,104973,0
11995,110197,22674,0
11996,55449,59478,0
11997,47343,77966,0
11998,51602,55653,0
11999,35548,127290,0
12000,36260,37946,0
12001,63387,15976,0
12002,15692,71824,0
12003,147070,66884,0
12004,127935,18854,0
12005,76794,149702,0
12006,75114,54778,0
12007,70964,9058,0
12008,128190,23236,0
12009,105801,135923,0
12010,57760,37935,0
12011,20479,144497,0
12012,117650,50919,0
12013,6293,101902,0
12014,100872,95423,0
12015,150202,141699,0
12016,115810,50248,0
12017,142721,145430,0
12018,133899,30981,0
12019,66888,5653,0
12020,96926,135131,0
12021,106232,62171,0
12022,44801,62446,0
12023,48795,96367,0
12024,73616,111394,0
12025,82364,120291,0
12026,123757,36772,0
12027,43420,85744,0
12028,4372,10340,0
12029,123867,33707,0
12030,28305,121364,0
12031,9204,68475,0
12032,31471,33595,0
12033,22841,134460,0
12034,44450,150089,0
12035,51128,20679,0
12036,76203,88940,0
12037,19401,137515,0
12038,89330,83726,0
12039,89975,75820,0
12040,49831,116536,0
12041,66574,121903,0
12042,27531,28554,0
12043,62097,42117,0
12044,152200,65263,0
12045,151088,75294,0
12046,86650,82104,0
12047,118658,73499,0
12048,50297,145283,0
12049,80760,60586,0
12050,105366,99039,0
12051,131059,8734,0
12052,92899,126040,0
12053,45178,89373,0
12054,100216,9434,0
12055,6724,140191,0
12056,135979,1633,0
12057,10891,64011,0
12058,23660,93562,0
12059,61455,96676,0
12060,95140,97489,0
12061,52653,99625,0
12062,106276,8850,0
12063,36671,16106,0
12064,139982,80551,0
12065,137404,67012,0
12066,132891,154654,0
12067,27125,25416,0
12068,49921,104975,0
12069,99584,1365,0
12070,42244,5709,0
12071,56720,25505,0
12072,74096,17263,0
12073,139662,40410,0
12074,56183,9144,0
12075,24888,35585,0
12076,50422,43347,0
12077,7595,125705,0
12078,106363,111452,0
12079,151278,93627,0
12080,45373,109292,0
12081,131203,66552,0
12082,140782,58475,0
12083,79949,153608,0
12084,5593,93581,0
12085,131185,146084,0
12086,83516,142328,0
12087,32083,107751,0
12088,119198,104046,0
12089,91657,138192,0
12090,35239,57450,0
12091,134034,144472,0
12092,46981,155157,0
12093,97909,30876,0
12094,82934,24565,0
12095,142735,65721,0
12096,143027,16525,0
12097,16190,106308,0
12098,97761,42489,0
12099,21485,153737,0
12100,34847,128618,0
12101,53324,96561,0
12102,110224,51621,0
12103,152049,31239,0
12104,28486,101137,0
12105,90801,5447,0
12106,22723,123079,0
12107,137855,125110,0
12108,125674,132462,0
12109,86324,154453,0
12110,49926,46231,0
12111,85566,95947,0
12112,102988,26199,0
12113,11741,42564,0
12114,100245,152262,0
12115,92799,150649,0
12116,92277,57712,0
12117,33599,97448,0
12118,23392,50068,0
12119,40878,142614,0
12120,86990,58375,0
12121,101632,50140,0
12122,83687,39122,0
12123,69517,146298,0
12124,43961,44295,0
12125,134068,80336,0
12126,147525,79708,0
12127,59669,29956,0
12128,99219,119555,0
12129,43346,81750,0
12130,75493,13743,0
12131,85685,82782,0
12132,102945,54855,0
12133,4004,83339,0
12134,11912,40832,0
12135,122014,131315,0
12136,59507,75012,0
12137,76582,59270,0
12138,132479,107618,0
12139,21254,79749,0
12140,147747,154287,0
12141,64770,41194,0
12142,146678,93635,0
12143,130285,49138,0
12144,102386,44180,0
12145,68370,39352,0
12146,76850,14621,0
12147,91625,127813,0
12148,58048,34804,0
12149,24826,5923,0
12150,152920,38055,0
12151,112043,14756,0
12152,101561,44190,0
12153,76094,118644,0
12154,29951,7561,0
12155,35198,32923,0
12156,52610,7261,0
12157,72889,149505,0
12158,117560,83513,0
12159,21248,51860,0
12160,98691,147825,0
12161,105368,69852,0
12162,64880,120103,0
12163,36171,140126,0
12164,12913,29662,0
12165,29213,83953,0
12166,30114,35243,0
12167,12018,58125,0
12168,35273,146429,0
12169,64595,30230,0
12170,82026,75942,0
12171,71798,64187,0
12172,41809,36895,0
12173,38091,123390,0
12174,76492,73153,0
12175,123273,67317,0
12176,123849,5966,0
12177,103809,79798,0
12178,54725,146244,0
12179,88437,1284,0
12180,57454,64508,0
12181,155028,54610,0
12182,139548,9434,0
12183,110180,31967,0
12184,107756,42407,0
12185,149104,135277,0
12186,18725,25730,0
12187,931,89635,0
12188,106354,102765,0
12189,113628,79930,0
12190,72587,43959,0
12191,32493,154112,0
12192,51024,7676,0
12193,40424,2132,0
12194,149879,138964,0
12195,108042,81066,0
12196,5593,91745,0
12197,7243,105505,0
12198,43400,98781,0
12199,40477,86155,0
12200,3933,112089,0
12201,100691,8347,0
12202,21379,116677,0
12203,22346,135428,0
12204,149390,27381,0
12205,69063,121933,0
12206,128420,151212,0
12207,90556,51449,0
12208,39916,110279,0
12209,18554,5287,0
12210,86909,11261,0
12211,5797,19463,0
12212,33646,129935,0
12213,135863,126031,0
12214,99700,67510,0
12215,5928,39657,0
12216,85732,88481,0
12217,132431,35687,0
12218,148605,25287,0
12219,1654,16917,0
12220,28385,130443,0
12221,97629,106200,0
12222,119068,9681,0
12223,45590,136062,0
12224,15082,95916,0
12225,128197,56520,0
12226,6604,68588,0
12227,59240,138541,0
12228,68273,151511,0
12229,135263,107169,0
12230,9300,30612,0
12231,139497,115027,0
12232,130124,107869,0
12233,91251,69452,0
12234,9474,95345,0
12235,131062,107749,0
12236,111606,14080,0
12237,6992,33642,0
12238,50881,50789,0
12239,112825,34814,0
12240,138691,28582,0
12241,36331,93830,0
12242,74685,17035,0
12243,63970,37323,0
12244,114712,94513,0
12245,13335,131784,0
12246,71942,96455,0
12247,131472,75035,0
12248,111933,154829,0
12249,43574,32173,0
12250,79885,130779,0
12251,113974,117943,0
12252,11534,136301,0
12253,52834,84921,0
12254,111347,101789,0
12255,88484,12690,0
12256,104570,112846,0
12257,54824,127134,0
12258,94118,134720,0
12259,94617,54817,0
12260,79480,16918,0
12261,141839,8813,0
12262,17094,78106,0
12263,142485,85711,0
12264,135175,14412,0
12265,74372,142916,0
12266,152197,32867,0
12267,104357,72892,0
12268,81722,12708,0
12269,111517,133248,0
12270,70792,22684,0
12271,39979,34278,0
12272,133973,66884,0
12273,124456,128395,0
12274,115240,151732,0
12275,55444,85510,0
12276,43244,44620,0
12277,65332,46114,0
12278,105289,48273,0
12279,26030,49061,0
12280,143815,151062,0
12281,107575,73724,0
12282,54911,35415,0
12283,38394,6097,0
12284,141560,7005,0
12285,143780,107996,0
12286,44168,96190,0
12287,47371,108092,0
12288,92190,2946,0
12289,94400,97674,0
12290,76251,32647,0
12291,19572,8730,0
12292,22795,24981,0
12293,56453,144991,0
12294,152847,93761,0
12295,53904,70808,0
12296,138074,136843,0
12297,134568,53588,0
12298,11895,62101,0
12299,32151,129232,0
12300,29429,124274,0
12301,27872,8742,0
12302,8160,68486,0
12303,116928,92470,0
12304,109330,4891,0
12305,83977,149908,0
12306,16350,80516,0
12307,81905,126971,0
12308,138283,127767,0
12309,40575,115841,0
12310,98032,152001,0
12311,4464,57326,0
12312,32665,150665,0
12313,95926,120443,0
12314,97555,43720,0
12315,107643,84406,0
12316,147974,154452,0
12317,19669,138200,0
12318,83097,78390,0
12319,33858,118029,0
12320,4870,12464,0
12321,91104,7859,0
12322,22480,143238,0
12323,113654,30528,0
12324,59743,17994,0
12325,39969,121041,0
12326,109021,121182,0
12327,4883,84903,0
12328,144457,88472,0
12329,113465,117449,0
12330,86736,6409,0
12331,31975,99796,0
12332,27743,14193,0
12333,97319,36029,0
12334,94282,125422,0
12335,48533,100033,0
12336,116932,46551,0
12337,141275,100793,0
12338,72439,23901,0
12339,14387,62950,0
12340,32226,138578,0
12341,44785,114894,0
12342,12966,149164,0
12343,21551,3217,0
12344,8297,104670,0
12345,11146,40645,0
12346,104819,28027,0
12347,73320,78744,0
12348,18893,107212,0
12349,48081,144632,0
12350,79848,153564,0
12351,52338,25697,0
12352,85483,55156,0
12353,104885,51710,0
12354,95405,93554,0
12355,44491,37814,0
12356,64810,134211,0
12357,47535,20944,0
12358,56995,12308,0
12359,61332,120749,0
12360,60852,103436,0
12361,138473,17113,0
12362,129927,56331,0
12363,129600,153023,0
12364,129887,55677,0
12365,9361,14801,0
12366,46554,64600,0
12367,16421,118072,0
12368,1844,44267,0
12369,84876,35703,0
12370,112403,55631,0
12371,122195,154821,0
12372,135493,22305,0
12373,107343,42438,0
12374,6716,114225,0
12375,72852,135956,0
12376,5941,44850,0
12377,125002,19734,0
12378,28828,122328,0
12379,101450,102726,0
12380,54553,73007,0
12381,44446,86965,0
12382,106305,126168,0
12383,101291,127691,0
12384,88006,81303,0
12385,120873,128827,0
12386,83041,103345,0
12387,33552,108460,0
12388,77364,81436,0
12389,66605,64358,0
12390,118083,82515,0
12391,85705,141145,0
12392,27046,144050,0
12393,106325,40146,0
12394,104476,98146,0
12395,93404,34141,0
12396,77841,33438,0
12397,16552,126228,0
12398,135711,92388,0
12399,113157,18475,0
12400,3922,32019,0
12401,2038,133037,0
12402,16136,19309,0
12403,135669,22730,0
12404,52109,73225,0
12405,128182,76685,0
12406,149550,79062,0
12407,57859,28393,0
12408,28570,78745,0
12409,47077,54779,0
12410,32099,44151,0
12411,89330,152960,0
12412,19828,120724,0
12413,130827,50953,0
12414,80714,70781,0
12415,153055,127666,0
12416,146732,103549,0
12417,81267,7710,0
12418,39313,75334,0
12419,4579,71811,0
12420,143787,67837,0
12421,139760,106683,0
12422,142896,8257,0
12423,2536,15488,0
12424,146967,140277,0
12425,125487,42845,0
12426,89792,990,0
12427,66546,91917,0
12428,47563,136802,0
12429,113276,1879,0
12430,122216,100943,0
12431,135328,67464,0
12432,75257,67506,0
12433,73735,64294,0
12434,28795,93080,0
12435,30312,136367,0
12436,56031,115146,0
12437,130311,109296,0
12438,146425,68082,0
12439,111686,32490,0
12440,84798,41402,0
12441,14802,110364,0
12442,38038,6078,0
12443,99317,121762,0
12444,77194,139890,0
12445,128487,49144,0
12446,112437,83420,0
12447,6932,148913,0
12448,73747,63100,0
12449,37934,48422,0
12450,138216,79410,0
12451,136047,108685,0
12452,60590,86614,0
12453,6782,86513,0
12454,131321,42906,0
12455,65047,44829,0
12456,2950,143371,0
12457,118486,116108,0
12458,71892,3653,0
12459,118533,35367,0
12460,31312,46153,0
12461,7065,96948,0
12462,101582,38439,0
12463,28936,147176,0
12464,141281,20361,0
12465,134989,107770,0
12466,96400,61932,0
12467,59208,104698,0
12468,105785,82091,0
12469,125924,133237,0
12470,142963,90615,0
12471,66010,83794,0
12472,84169,122178,0
12473,68396,50684,0
12474,39416,78238,0
12475,50151,31531,0
12476,138653,19649,0
12477,21448,52569,0
12478,138044,104296,0
12479,90725,83292,0
12480,8941,108022,0
12481,19300,67409,0
12482,11082,82910,0
12483,103049,121698,0
12484,13798,65684,0
12485,73000,52682,0
12486,34556,71259,0
12487,62810,41121,0
12488,147215,123302,0
12489,123876,120957,0
12490,139878,146074,0
12491,12649,17556,0
12492,5925,82356,0
12493,4849,1377,0
12494,115935,121526,0
12495,101080,148952,0
12496,133218,71035,0
12497,81153,61130,0
12498,28917,22555,0
12499,35102,85095,0
12500,147409,122868,0
12501,114599,119640,0
12502,20710,125112,0
12503,95956,121912,0
12504,142146,106609,0
12505,52599,98418,0
12506,150403,24061,0
12507,150995,4672,0
12508,93192,3317,0
12509,40232,154055,0
12510,44542,5672,0
12511,59263,52835,0
12512,72686,100596,0
12513,64895,98496,0
12514,11773,39707,0
12515,71112,92770,0
12516,54824,126838,0
12517,33623,147545,0
12518,90521,77433,0
12519,37976,120482,0
12520,48172,85795,0
12521,131862,50678,0
12522,23145,131503,0
12523,129170,139064,0
12524,115249,146483,0
12525,3190,121049,0
12526,80943,125971,0
12527,37937,119855,0
12528,58977,119145,0
12529,2388,52057,0
12530,46609,14969,0
12531,138258,17423,0
12532,26276,123978,0
12533,137721,80206,0
12534,135351,39334,0
12535,83162,112214,0
12536,44599,124174,0
12537,18649,123961,0
12538,118993,103348,0
12539,103147,2909,0
12540,22923,126778,0
12541,104517,10631,0
12542,148096,37990,0
12543,49736,17744,0
12544,32324,89990,0
12545,154290,96556,0
12546,4606,28866,0
12547,35918,110019,0
12548,81429,28688,0
12549,109740,17410,0
12550,144652,20332,0
12551,152324,106558,0
12552,93058,525,0
12553,115851,56516,0
12554,134331,28853,0
12555,5048,113463,0
12556,7897,102717,0
12557,53240,51632,0
12558,2756,23249,0
12559,98043,86253,0
12560,119854,46928,0
12561,99684,38774,0
12562,65049,81139,0
12563,81029,145418,0
12564,49733,36047,0
12565,106791,15725,0
12566,38325,3093,0
12567,26755,32095,0
12568,90351,66216,0
12569,1719,70904,0
12570,147453,125456,0
12571,42926,62218,0
12572,35863,18132,0
12573,106215,63918,0
12574,5996,121113,0
12575,142789,111037,0
12576,15851,44197,0
12577,94050,132429,0
12578,27582,87328,0
12579,103926,70789,0
12580,42818,146261,0
12581,97288,103978,0
12582,58801,62560,0
12583,71661,10333,0
12584,43832,116535,0
12585,93431,94145,0
12586,9251,75072,0
12587,141859,48092,0
12588,144064,14717,0
12589,117335,134692,0
12590,17149,124483,0
12591,96908,75575,0
12592,76351,84129,0
12593,13597,121473,0
12594,34100,71818,0
12595,69213,70875,0
12596,129610,26995,0
12597,60693,53110,0
12598,546,22280,0
12599,137984,92387,0
12600,153078,70545,0
12601,94559,28238,0
12602,123652,11099,0
12603,23297,85922,0
12604,142388,47150,0
12605,127609,40993,0
12606,95953,10284,0
12607,30196,84570,0
12608,85751,123951,0
12609,18568,10067,0
12610,118638,86087,0
12611,51901,2630,0
12612,2303,51257,0
12613,79328,17572,0
12614,113166,103592,0
12615,118377,31226,0
12616,74620,135676,0
12617,138126,67649,0
12618,92242,99562,0
12619,57001,34394,0
12620,135739,58757,0
12621,102345,86006,0
12622,27232,61178,0
12623,148327,76074,0
12624,96278,23891,0
12625,1375,147326,0
12626,75721,79310,0
12627,116241,99893,0
12628,91891,97516,0
12629,105870,25731,0
12630,34058,134576,0
12631,31241,98395,0
12632,30897,9427,0
12633,40881,80197,0
12634,132844,83096,0
12635,131790,31132,0
12636,1901,150743,0
12637,6405,88881,0
12638,128668,21778,0
12639,39643,35528,0
12640,12526,75820,0
12641,61923,105405,0
12642,33138,64863,0
12643,77636,119049,0
12644,153936,106678,0
12645,2210,18037,0
12646,129214,40621,0
12647,96713,14175,0
12648,72280,54682,0
12649,150904,38285,0
12650,80296,152540,0
12651,64342,31922,0
12652,58433,39903,0
12653,49247,81972,0
12654,74243,44198,0
12655,50654,139181,0
12656,82383,71343,0
12657,33292,146956,0
12658,2737,47726,0
12659,48652,130164,0
12660,95281,87385,0
12661,146367,132075,0
12662,20608,133699,0
12663,17087,58133,0
12664,57305,79951,0
12665,129872,12680,0
12666,26251,12885,0
12667,18551,120083,0
12668,87398,151433,0
12669,83060,79043,0
12670,147856,62614,0
12671,94166,127525,0
12672,113003,98672,0
12673,112134,84292,0
12674,119392,40067,0
12675,143559,63474,0
12676,78990,133597,0
12677,121853,25695,0
12678,104364,44765,0
12679,74206,134140,0
12680,117568,48568,0
12681,51407,5062,0
12682,130605,51998,0
12683,107466,87614,0
12684,45122,148542,0
12685,79901,44641,0
12686,38427,116796,0
12687,39996,107200,0
12688,140103,12772,0
12689,272,98414,0
12690,114912,58700,0
12691,83022,90125,0
12692,115040,5597,0
12693,51414,98825,0
12694,63280,91465,0
12695,2726,57558,0
12696,2765,16875,0
12697,36592,46302,0
12698,114915,37389,0
12699,51740,137237,0
12700,151657,59078,0
12701,43150,36782,0
12702,7864,101235,0
12703,52514,125452,0
12704,92028,29167,0
12705,29633,154000,0
12706,62352,88950,0
12707,147632,62283,0
12708,133229,37324,0
12709,3144,37817,0
12710,92384,97264,0
12711,101652,108558,0
12712,113607,85370,0
12713,40415,90932,0
12714,11933,105365,0
12715,146720,120335,0
12716,99923,17912,0
12717,7625,25002,0
12718,132831,114199,0
12719,130038,91129,0
12720,119447,108401,0
12721,78947,126416,0
12722,27834,129973,0
12723,36657,38547,0
12724,43775,138703,0
12725,75154,123063,0
12726,99880,138457,0
12727,3460,131350,0
12728,30937,116907,0
12729,1777,64583,0
12730,15807,88367,0
12731,131233,49808,0
12732,94707,51073,0
12733,13628,65125,0
12734,21337,62285,0
12735,52283,69266,0
12736,45951,67172,0
12737,76944,143574,0
12738,154279,144559,0
12739,90571,6043,0
12740,29903,87925,0
12741,53221,126441,0
12742,121919,35935,0
12743,74851,56039,0
12744,95934,48749,0
12745,51609,110283,0
12746,33551,152695,0
12747,97021,53810,0
12748,60285,62424,0
12749,41442,56540,0
12750,35125,92564,0
12751,53293,80953,0
12752,51004,22302,0
12753,119781,66825,0
12754,53978,9681,0
12755,89136,99286,0
12756,129066,18708,0
12757,30537,34810,0
12758,40791,141344,0
12759,52519,104113,0
12760,92579,94082,0
12761,89079,125721,0
12762,1685,66718,0
12763,55464,41544,0
12764,40893,50600,0
12765,114915,117156,0
12766,13524,105565,0
12767,75656,26198,0
12768,64370,115910,0
12769,22091,58442,0
12770,56071,50260,0
12771,81256,11658,0
12772,6973,139289,0
12773,36829,35276,0
12774,18880,140433,0
12775,78136,128623,0
12776,37076,62935,0
12777,82241,26425,0
12778,130902,90915,0
12779,120683,44544,0
12780,118588,109698,0
12781,81873,108117,0
12782,38876,136562,0
12783,68797,71071,0
12784,136892,61886,0
12785,138216,75018,0
12786,30749,41049,0
12787,136651,4484,0
12788,125623,58534,0
12789,30500,5441,0
12790,52575,137758,0
12791,85952,43297,0
12792,84970,136855,0
12793,142837,89746,0
12794,94217,74257,0
12795,15397,25394,0
12796,123080,21197,0
12797,153665,148585,0
12798,48250,29310,0
12799,42244,90786,0
12800,78947,40122,0
12801,116821,155048,0
12802,140222,64138,0
12803,118738,16383,0
12804,109610,114564,0
12805,59183,117672,0
12806,99172,106472,0
12807,49323,89432,0
12808,53666,57578,0
12809,13062,35950,0
12810,112436,139340,0
12811,61855,95627,0
12812,75590,139754,0
12813,30565,82318,0
12814,80985,143834,0
12815,51099,55286,0
12816,59432,108610,0
12817,15100,90508,0
12818,72335,141070,0
12819,99279,79332,0
12820,84033,77614,0
12821,55518,34888,0
12822,107773,150660,0
12823,50804,52791,0
12824,142884,88767,0
12825,62943,133931,0
12826,22122,80131,0
12827,149726,96554,0
12828,41076,151513,0
12829,79461,90733,0
12830,103739,96105,0
12831,84080,23121,0
12832,74493,52578,0
12833,68418,88026,0
12834,18655,129271,0
12835,56170,114261,0
12836,148149,21873,0
12837,135210,147862,0
12838,79196,124327,0
12839,36815,2124,0
12840,39011,148947,0
12841,130289,124279,0
12842,145359,72805,0
12843,36913,35188,0
12844,92346,101435,0
12845,8952,20050,0
12846,83054,132416,0
12847,115073,68715,0
12848,95229,80518,0
12849,107171,56725,0
12850,11917,37851,0
12851,52349,45932,0
12852,63501,70832,0
12853,80436,129675,0
12854,118329,91467,0
12855,98394,116341,0
12856,130304,78729,0
12857,87336,128200,0
12858,145388,20040,0
12859,36440,5276,0
12860,36617,143240,0
12861,103195,12044,0
12862,105377,149331,0
12863,5343,139162,0
12864,100041,13396,0
12865,152220,25243,0
12866,60396,103342,0
12867,148750,100711,0
12868,55901,80034,0
12869,115694,81248,0
12870,60421,52041,0
12871,109947,76306,0
12872,94538,104926,0
12873,151844,15620,0
12874,49176,36318,0
12875,38372,125023,0
12876,105212,5988,0
12877,139749,83917,0
12878,5806,152179,0
12879,38573,23356,0
12880,8128,50732,0
12881,134390,77479,0
12882,112218,73539,0
12883,155176,124256,0
12884,143533,21359,0
12885,113899,63496,0
12886,39864,154239,0
12887,138878,107926,0
12888,32885,85940,0
12889,145430,120681,0
12890,36376,88231,0
12891,95802,67838,0
12892,54048,129511,0
12893,149349,149838,0
12894,121846,26702,0
12895,42297,61534,0
12896,52179,29719,0
12897,29266,52033,0
12898,116114,132662,0
12899,136200,90823,0
12900,97622,149500,0
12901,112780,113327,0
12902,87872,49386,0
12903,1183,33563,0
12904,30541,140906,0
12905,112624,26855,0
12906,142112,27513,0
12907,32914,75950,0
12908,112096,97762,0
12909,106297,150812,0
12910,110255,90154,0
12911,142339,46829,0
12912,73733,83288,0
12913,69957,96665,0
12914,26040,94443,0
12915,25561,62005,0
12916,142469,97707,0
12917,115330,852,0
12918,122622,119077,0
12919,102916,82530,0
12920,78697,104360,0
12921,61659,109202,0
12922,33451,54168,0
12923,105288,69347,0
12924,85590,66908,0
12925,86805,89191,0
12926,126337,133510,0
12927,45019,41369,0
12928,129679,1132,0
12929,104780,84508,0
12930,1614,42692,0
12931,11951,72129,0
12932,95121,69046,0
12933,71045,65701,0
12934,115557,27609,0
12935,85321,68746,0
12936,15035,68354,0
12937,76871,14676,0
12938,120908,147587,0
12939,29451,97951,0
12940,69400,97952,0
12941,16461,33452,0
12942,69102,144712,0
12943,109593,103449,0
12944,113133,109575,0
12945,127320,22842,0
12946,82653,11492,0
12947,81124,128974,0
12948,81045,36798,0
12949,48656,59386,0
12950,71000,47094,0
12951,16935,110624,0
12952,3406,98993,0
12953,88568,87224,0
12954,108042,94743,0
12955,151142,18428,0
12956,125241,75687,0
12957,121752,37035,0
12958,73256,40818,0
12959,8116,36091,0
12960,77663,59091,0
12961,96926,95231,0
12962,144328,47737,0
12963,31690,36168,0
12964,100661,35692,0
12965,44637,18093,0
12966,73083,48436,0
12967,33814,136035,0
12968,60235,105086,0
12969,149565,123892,0
12970,103397,12098,0
12971,147940,118971,0
12972,120760,91555,0
12973,145431,105579,0
12974,91289,34183,0
12975,37387,107710,0
12976,82335,153510,0
12977,142504,50248,0
12978,90378,7944,0
12979,117816,102734,0
12980,134440,154009,0
12981,69131,139127,0
12982,42204,122063,0
12983,54109,76169,0
12984,15527,66629,0
12985,117317,115242,0
12986,100875,145117,0
12987,23670,1569,0
12988,42386,19678,0
12989,151941,4833,0
12990,23471,38419,0
12991,51977,36631,0
12992,102500,49293,0
12993,96268,68272,0
12994,82106,51568,0
12995,107370,146238,0
12996,119837,118798,0
12997,84127,112326,0
12998,135350,769,0
12999,10134,44169,0
13000,138738,63103,0
13001,49268,28891,0
13002,145204,74177,0
13003,154271,136981,0
13004,100775,23381,0
13005,35176,25012,0
13006,46039,19725,0
13007,21635,129904,0
13008,89792,17716,0
13009,94994,118342,0
13010,84185,100938,0
13011,155076,23856,0
13012,82290,86222,0
13013,113009,115819,0
13014,82641,144816,0
13015,76340,117288,0
13016,94183,80395,0
13017,31360,122260,0
13018,6263,18279,0
13019,117556,11458,0
13020,52412,10223,0
13021,12281,74853,0
13022,49034,34766,0
13023,63820,85659,0
13024,113365,77211,0
13025,136949,38999,0
13026,94076,38236,0
13027,72476,88638,0
13028,88121,18710,0
13029,147884,4205,0
13030,11009,106939,0
13031,79302,102531,0
13032,26770,124624,0
13033,129160,16528,0
13034,102311,13085,0
13035,46271,56237,0
13036,117446,58994,0
13037,127335,63483,0
13038,41289,88362,0
13039,118658,12657,0
13040,154280,109049,0
13041,131720,147007,0
13042,47364,70609,0
13043,43884,132159,0
13044,71309,94571,0
13045,142857,142894,0
13046,27721,151249,0
13047,67528,70122,0
13048,47976,52699,0
13049,29384,8512,0
13050,95458,25747,0
13051,7290,66742,0
13052,107595,118806,0
13053,129798,118014,0
13054,73039,88188,0
13055,19641,111563,0
13056,137608,62543,0
13057,125826,54795,0
13058,40495,129045,0
13059,62266,103658,0
13060,118732,20733,0
13061,138348,99231,0
13062,44261,6632,0
13063,121398,95349,0
13064,41257,148104,0
13065,74105,10721,0
13066,32128,54275,0
13067,39451,63687,0
13068,14056,11956,0
13069,102023,8141,0
13070,128420,13619,0
13071,90934,42372,0
13072,128467,84303,0
13073,25691,102320,0
13074,106811,123177,0
13075,9707,111935,0
13076,98189,78233,0
13077,75999,70972,0
13078,92245,84274,0
13079,154192,56448,0
13080,27056,52699,0
13081,126217,10244,0
13082,72350,40866,0
13083,37033,133603,0
13084,86718,65874,0
13085,52047,130105,0
13086,84325,135444,0
13087,22297,101575,0
13088,48053,39584,0
13089,57438,95132,0
13090,87939,109864,0
13091,2946,67595,0
13092,34306,124006,0
13093,128513,132251,0
13094,111873,73956,0
13095,71012,121182,0
13096,20905,52952,0
13097,80882,91455,0
13098,147673,146604,0
13099,83961,109408,0
13100,31606,49087,0
13101,122831,154631,0
13102,99967,138198,0
13103,64383,5206,0
13104,85198,55340,0
13105,56747,112938,0
13106,58338,142371,0
13107,25110,33839,0
13108,87396,18896,0
13109,22253,24966,0
13110,109804,93766,0
13111,143976,74718,0
13112,86411,85820,0
13113,37894,97061,0
13114,4254,79816,0
13115,68911,35389,0
13116,55067,140728,0
13117,122224,69090,0
13118,19003,76749,0
13119,11282,15200,0
13120,100603,9225,0
13121,115920,54434,0
13122,125844,112561,0
13123,53202,140904,0
13124,53357,87033,0
13125,138714,3841,0
13126,6607,26524,0
13127,148126,32931,0
13128,65356,118575,0
13129,98207,116541,0
13130,19361,122947,0
13131,154587,126178,0
13132,8333,6602,0
13133,18761,87071,0
13134,134273,150181,0
13135,61040,56031,0
13136,127583,69434,0
13137,84747,116857,0
13138,150573,67345,0
13139,130030,147268,0
13140,10699,103539,0
13141,72512,55753,0
13142,83108,40458,0
13143,144133,19633,0
13144,80365,110949,0
13145,87561,81964,0
13146,90808,100701,0
13147,136076,106484,0
13148,31775,131069,0
13149,97886,124353,0
13150,74167,89430,0
13151,73042,130376,0
13152,42337,10956,0
13153,120794,3277,0
13154,110371,134557,0
13155,31612,138459,0
13156,55444,111954,0
13157,78489,47072,0
13158,59210,13755,0
13159,57350,81146,0
13160,17359,121546,0
13161,87220,52257,0
13162,65990,77987,0
13163,113957,56809,0
13164,49222,40814,0
13165,152498,60731,0
13166,6485,152161,0
13167,123309,27937,0
13168,132732,57322,0
13169,151084,38419,0
13170,91962,58876,0
13171,141346,136150,0
13172,57097,117217,0
13173,48347,65959,0
13174,8723,82543,0
13175,115171,95159,0
13176,106658,21294,0
13177,28335,147487,0
13178,133849,87393,0
13179,22226,102645,0
13180,149916,4555,0
13181,49247,119203,0
13182,10174,45542,0
13183,56857,131910,0
13184,70327,10914,0
13185,16626,51582,0
13186,5537,18040,0
13187,147679,70465,0
13188,109621,127769,0
13189,103543,92300,0
13190,94343,138458,0
13191,90398,36871,0
13192,56588,16734,0
13193,47567,2385,0
13194,132204,53138,0
13195,82870,104847,0
13196,116046,62739,0
13197,142901,16264,0
13198,150153,145790,0
13199,30723,76999,0
13200,64741,121231,0
13201,13935,70399,0
13202,141581,56351,0
13203,101437,102641,0
13204,43358,516,0
13205,101233,62384,0
13206,120748,5847,0
13207,150371,26146,0
13208,87234,110234,0
13209,75994,114001,0
13210,101436,82753,0
13211,98015,55925,0
13212,29543,61792,0
13213,106333,66200,0
13214,29107,109998,0
13215,117790,91311,0
13216,102350,249,0
13217,78857,82084,0
13218,58719,146886,0
13219,145908,62115,0
13220,60196,10764,0
13221,28646,117212,0
13222,32688,105831,0
13223,75713,57918,0
13224,1836,76638,0
13225,101193,3403,0
13226,78111,152577,0
13227,137092,138552,0
13228,14349,106890,0
13229,56162,70153,0
13230,66658,133502,0
13231,13034,90479,0
13232,87157,15733,0
13233,142262,149175,0
13234,44556,69157,0
13235,61589,73193,0
13236,37040,121478,0
13237,48557,69845,0
13238,145228,88106,0
13239,23863,95524,0
13240,43331,95382,0
13241,72465,21075,0
13242,90457,136912,0
13243,59849,101058,0
13244,11071,76377,0
13245,100184,141195,0
13246,144452,66580,0
13247,45823,70680,0
13248,125724,25045,0
13249,84325,96837,0
13250,74641,47104,0
13251,33366,82301,0
13252,141960,52659,0
13253,38793,126193,0
13254,85444,102415,0
13255,108777,35991,0
13256,126983,108249,0
13257,46270,104573,0
13258,76495,125524,0
13259,18429,153606,0
13260,154565,124368,0
13261,5280,116808,0
13262,4927,145010,0
13263,111915,82590,0
13264,125544,86877,0
13265,144517,106231,0
13266,89565,40804,0
13267,80609,27500,0
13268,35564,126089,0
13269,46155,60903,0
13270,142537,45442,0
13271,143886,64692,0
13272,153325,31580,0
13273,61874,86963,0
13274,22621,78032,0
13275,20386,12769,0
13276,119987,86251,0
13277,128580,119353,0
13278,67109,19148,0
13279,29967,75127,0
13280,127072,4464,0
13281,48125,2095,0
13282,85911,69704,0
13283,138491,15810,0
13284,41737,125519,0
13285,44983,52918,0
13286,42753,140929,0
13287,63859,52414,0
13288,39919,91509,0
13289,129495,88336,0
13290,74436,10957,0
13291,44571,108854,0
13292,57820,64548,0
13293,34359,75192,0
13294,80714,55136,0
13295,75245,59880,0
13296,99943,43810,0
13297,63888,40878,0
13298,6419,76910,0
13299,126223,26383,0
13300,5247,22670,0
13301,93206,95333,0
13302,6044,146370,0
13303,107256,46979,0
13304,139922,124153,0
13305,4592,18213,0
13306,115088,95268,0
13307,48987,135564,0
13308,123053,26619,0
13309,61576,27296,0
13310,61324,59949,0
13311,70177,18450,0
13312,74674,55227,0
13313,108446,1458,0
13314,47637,29086,0
13315,97327,84216,0
13316,91058,51864,0
13317,154564,77234,0
13318,94816,131733,0
13319,75886,119650,0
13320,33639,127680,0
13321,83696,22407,0
13322,124768,86119,0
13323,62182,146520,0
13324,71533,44282,0
13325,83701,108484,0
13326,70172,127526,0
13327,126220,44589,0
13328,128578,141336,0
13329,67196,40867,0
13330,149619,69582,0
13331,58812,133223,0
13332,124414,103738,0
13333,84001,98022,0
13334,90329,140053,0
13335,11605,3403,0
13336,89993,38129,0
13337,104472,71277,0
13338,110795,114940,0
13339,110923,18746,0
13340,138060,129378,0
13341,62712,74687,0
13342,2669,43457,0
13343,141598,150336,0
13344,144188,152046,0
13345,146024,55922,0
13346,57400,36477,0
13347,109781,46127,0
13348,35127,131828,0
13349,119919,139592,0
13350,12004,153500,0
13351,119442,52749,0
13352,28923,98732,0
13353,70908,27260,0
13354,148458,147031,0
13355,129999,9764,0
13356,105130,122871,0
13357,100293,22873,0
13358,112466,60559,0
13359,127303,40772,0
13360,44163,90867,0
13361,47704,33586,0
13362,9991,122207,0
13363,55458,45024,0
13364,146153,96240,0
13365,71791,106988,0
13366,95566,59362,0
13367,86415,85291,0
13368,13861,12411,0
13369,6765,10256,0
13370,62836,143518,0
13371,148259,86191,0
13372,329,123950,0
13373,144088,61661,0
13374,9948,110147,0
13375,73635,76502,0
13376,139386,64361,0
13377,11017,136238,0
13378,63783,61754,0
13379,38386,124911,0
13380,62656,148857,0
13381,118181,114470,0
13382,94879,154826,0
13383,123299,104049,0
13384,1243,118328,0
13385,9102,67252,0
13386,44320,47247,0
13387,27075,8966,0
13388,107825,110882,0
13389,154738,153587,0
13390,57601,115568,0
13391,44422,142034,0
13392,19925,23307,0
13393,151159,57527,0
13394,143497,49923,0
13395,113340,51575,0
13396,115141,38760,0
13397,34988,155081,0
13398,104222,81762,0
13399,61050,9573,0
13400,107589,56921,0
13401,152831,99712,0
13402,2928,152712,0
13403,58719,110771,0
13404,45635,49611,0
13405,127128,115448,0
13406,151143,79415,0
13407,109439,153211,0
13408,101419,58427,0
13409,154087,131153,0
13410,112136,30763,0
13411,63702,138853,0
13412,43860,91348,0
13413,153106,98084,0
13414,69045,116770,0
13415,7490,6275,0
13416,46300,22842,0
13417,35953,73472,0
13418,102388,36982,0
13419,113979,115134,0
13420,29378,119685,0
13421,43078,92146,0
13422,9280,8341,0
13423,64988,82439,0
13424,148060,25168,0
13425,150122,124001,0
13426,107378,147328,0
13427,92755,150044,0
13428,80736,119101,0
13429,71266,141723,0
13430,143373,83922,0
13431,140632,23626,0
13432,29992,23378,0
13433,99334,76385,0
13434,30107,140013,0
13435,6932,61058,0
13436,130265,52727,0
13437,73635,66917,0
13438,143052,35687,0
13439,15579,69901,0
13440,100496,51348,0
13441,145417,24724,0
13442,131057,61973,0
13443,130563,106487,0
13444,70665,7675,0
13445,147698,111629,0
13446,87078,136400,0
13447,9485,55326,0
13448,44339,151478,0
13449,51573,101923,0
13450,37083,47925,0
13451,82669,116168,0
13452,68967,47349,0
13453,112269,30414,0
13454,10352,106568,0
13455,5167,113917,0
13456,142195,51637,0
13457,104726,22866,0
13458,85551,61043,0
13459,43068,58083,0
13460,25799,1226,0
13461,90802,57566,0
13462,147273,22272,0
13463,153152,50018,0
13464,119485,124393,0
13465,133192,54391,0
13466,105993,14286,0
13467,54890,79008,0
13468,72236,145202,0
13469,139881,130738,0
13470,32570,6143,0
13471,114565,64389,0
13472,80760,79368,0
13473,9222,48333,0
13474,82992,17362,0
13475,30002,19659,0
13476,116681,58130,0
13477,85695,76822,0
13478,121712,7840,0
13479,126318,81835,0
13480,130974,63359,0
13481,19937,85345,0
13482,52529,75328,0
13483,19895,61211,0
13484,96662,47300,0
13485,52481,20139,0
13486,40575,7925,0
13487,103147,70481,0
13488,13016,55666,0
13489,74536,66548,0
13490,144565,26450,0
13491,135841,146520,0
13492,97470,143475,0
13493,108498,85861,0
13494,110757,23850,0
13495,107376,136129,0
13496,123887,95940,0
13497,132683,99878,0
13498,73486,5474,0
13499,38787,119255,0
13500,5203,44387,0
13501,139967,136983,0
13502,108145,101286,0
13503,31720,35769,0
13504,79786,6818,0
13505,42624,17047,0
13506,64601,116493,0
13507,79648,62187,0
13508,68854,34756,0
13509,53457,57521,0
13510,152605,51613,0
13511,31489,58047,0
13512,62474,61193,0
13513,114533,654,0
13514,113808,42499,0
13515,33274,64483,0
13516,123445,5294,0
13517,37522,38689,0
13518,97654,142102,0
13519,73480,112266,0
13520,87912,75816,0
13521,52653,86151,0
13522,99572,59868,0
13523,34833,104957,0
13524,132437,109299,0
13525,124759,83958,0
13526,47144,119489,0
13527,75740,117325,0
13528,149374,54419,0
13529,71697,64042,0
13530,47334,139810,0
13531,64204,82857,0
13532,38970,21836,0
13533,97932,141319,0
13534,34205,131009,0
13535,68603,148999,0
13536,150128,49977,0
13537,28898,10113,0
13538,8018,25677,0
13539,87904,2024,0
13540,64950,14997,0
13541,91599,15175,0
13542,140836,48170,0
13543,21264,4827,0
13544,62669,44896,0
13545,75039,47356,0
13546,91667,144372,0
13547,132275,124043,0
13548,132236,94644,0
13549,36118,60414,0
13550,13307,11523,0
13551,72955,18477,0
13552,84435,56427,0
13553,73772,102191,0
13554,26841,49043,0
13555,151053,21853,0
13556,101665,11105,0
13557,112763,56636,0
13558,46917,139523,0
13559,22203,95756,0
13560,104055,146396,0
13561,72473,80333,0
13562,149830,4145,0
13563,17509,41577,0
13564,64247,119204,0
13565,46207,12831,0
13566,135732,33344,0
13567,133806,120521,0
13568,108120,145698,0
13569,93752,115190,0
13570,115248,27722,0
13571,143778,2869,0
13572,57348,91226,0
13573,34104,31925,0
13574,2485,103465,0
13575,62251,103727,0
13576,112804,30518,0
13577,30792,110185,0
13578,135536,1462,0
13579,125601,10616,0
13580,80358,65197,0
13581,90350,8645,0
13582,68050,106150,0
13583,135982,133829,0
13584,63622,109863,0
13585,72285,1991,0
13586,77878,117534,0
13587,43693,67244,0
13588,10845,144778,0
13589,150688,83138,0
13590,61893,125471,0
13591,117476,148545,0
13592,108044,110397,0
13593,131934,106493,0
13594,114783,67786,0
13595,27502,8946,0
13596,154694,125578,0
13597,70682,65170,0
13598,47141,102984,0
13599,136297,88446,0
13600,116179,111016,0
13601,11187,87075,0
13602,29462,76084,0
13603,13272,32190,0
13604,133386,61414,0
13605,118603,151742,0
13606,123045,86672,0
13607,101258,89227,0
13608,64245,48638,0
13609,54772,90829,0
13610,25479,34078,0
13611,36396,62034,0
13612,79112,147393,0
13613,9146,109151,0
13614,126272,21108,0
13615,127470,4326,0
13616,48539,75713,0
13617,60848,54293,0
13618,10176,17663,0
13619,126539,49368,0
13620,107475,109253,0
13621,146429,47763,0
13622,66555,77012,0
13623,66572,136602,0
13624,148579,51766,0
13625,19431,146156,0
13626,52021,118513,0
13627,124384,139268,0
13628,104666,63274,0
13629,99590,84680,0
13630,57742,35701,0
13631,83298,23750,0
13632,44744,129175,0
13633,72180,49872,0
13634,4818,107127,0
13635,29247,48113,0
13636,143227,103699,0
13637,71692,107627,0
13638,95500,145766,0
13639,17414,128993,0
13640,13205,118050,0
13641,16225,92047,0
13642,109771,55227,0
13643,121169,138379,0
13644,34417,29183,0
13645,147673,28058,0
13646,115031,85915,0
13647,110736,99643,0
13648,818,80313,0
13649,140643,30890,0
13650,55780,29545,0
13651,149433,82610,0
13652,63086,50024,0
13653,11765,55562,0
13654,151776,76622,0
13655,44009,50020,0
13656,56381,127839,0
13657,65788,112704,0
13658,123147,52283,0
13659,18577,89267,0
13660,93478,17928,0
13661,70075,82663,0
13662,128767,139469,0
13663,7786,88607,0
13664,35826,20247,0
13665,62833,153295,0
13666,14750,65747,0
13667,104475,153950,0
13668,111010,95364,0
13669,131666,65484,0
13670,20402,37095,0
13671,35747,139603,0
13672,27026,32019,0
13673,139773,98525,0
13674,20687,87364,0
13675,114995,150085,0
13676,113678,138059,0
13677,34087,36773,0
13678,59474,94392,0
13679,138549,92758,0
13680,139687,130377,0
13681,154419,25143,0
13682,45869,86508,0
13683,134804,102571,0
13684,126987,19179,0
13685,134732,33097,0
13686,30236,25246,0
13687,80645,111420,0
13688,129589,121205,0
13689,37447,128954,0
13690,121039,107136,0
13691,57854,104005,0
13692,105171,103246,0
13693,123448,133136,0
13694,47431,11792,0
13695,27446,127809,0
13696,91683,43688,0
13697,8889,23002,0
13698,45126,132022,0
13699,111366,73161,0
13700,77178,6916,0
13701,87549,131608,0
13702,153820,143910,0
13703,139740,3601,0
13704,126615,48461,0
13705,147044,56750,0
13706,22123,123532,0
13707,86233,14286,0
13708,99481,142283,0
13709,146455,132930,0
13710,49890,85859,0
13711,49529,66521,0
13712,65281,125089,0
13713,133884,110611,0
13714,118630,121826,0
13715,85737,49209,0
13716,10497,34317,0
13717,93500,40624,0
13718,102872,33854,0
13719,96045,90246,0
13720,146591,133168,0
13721,45013,124364,0
13722,111519,147327,0
13723,6352,38155,0
13724,65048,35804,0
13725,63726,75532,0
13726,129498,6676,0
13727,94217,117830,0
13728,18420,9385,0
13729,101182,92869,0
13730,126322,150264,0
13731,109462,72363,0
13732,62097,35933,0
13733,75290,117589,0
13734,13625,154562,0
13735,41523,53100,0
13736,6584,40694,0
13737,26884,124079,0
13738,125665,104698,0
13739,92933,151825,0
13740,59296,103871,0
13741,51809,49680,0
13742,46996,37904,0
13743,100139,122556,0
13744,88406,74149,0
13745,121379,8291,0
13746,146444,66395,0
13747,135806,110295,0
13748,82795,146823,0
13749,41008,139413,0
13750,30453,22232,0
13751,29864,16484,0
13752,39590,125505,0
13753,83209,1883,0
13754,6815,154273,0
13755,81275,113006,0
13756,102306,139644,0
13757,43189,36510,0
13758,136408,67464,0
13759,54677,153438,0
13760,132770,142727,0
13761,67996,85979,0
13762,74183,123167,0
13763,64825,85269,0
13764,3485,132397,0
13765,60056,136906,0
13766,98324,34375,0
13767,132437,98299,0
13768,3364,52851,0
13769,134173,74490,0
13770,32278,33978,0
13771,3754,129502,0
13772,59041,151733,0
13773,136667,89099,0
13774,74244,430,0
13775,30970,108418,0
13776,70352,116901,0
13777,12634,18353,0
13778,70329,74223,0
13779,35072,121010,0
13780,86177,26948,0
13781,118439,3474,0
13782,69051,97829,0
13783,94532,84988,0
13784,31136,41384,0
13785,7042,34703,0
13786,125094,20962,0
13787,141613,22767,0
13788,56468,103467,0
13789,57640,127489,0
13790,76011,18018,0
13791,50051,11205,0
13792,128815,39388,0
13793,104464,66548,0
13794,147361,114181,0
13795,54891,79502,0
13796,137615,81356,0
13797,131566,97844,0
13798,82868,72596,0
13799,73842,82097,0
13800,99678,23606,0
13801,145130,59063,0
13802,153409,140806,0
13803,125506,10901,0
13804,71244,22148,0
13805,123971,107666,0
13806,130400,25312,0
13807,116284,5490,0
13808,39472,110867,0
13809,56574,22414,0
13810,80507,129405,0
13811,77642,134264,0
13812,25807,111978,0
13813,30925,64518,0
13814,115042,140553,0
13815,114266,83982,0
13816,143472,95082,0
13817,85751,104651,0
13818,104203,27282,0
13819,131151,5296,0
13820,19432,114393,0
13821,56584,52984,0
13822,57315,2864,0
13823,40442,23677,0
13824,72074,53581,0
13825,78208,128076,0
13826,50249,122613,0
13827,149676,56361,0
13828,97234,138576,0
13829,73346,33036,0
13830,20154,105521,0
13831,93453,13709,0
13832,101582,143788,0
13833,34140,130625,0
13834,75709,144482,0
13835,36506,23488,0
13836,57814,75772,0
13837,112246,11687,0
13838,84295,12422,0
13839,105877,133464,0
13840,128585,103894,0
13841,84241,15017,0
13842,79016,112490,0
13843,88478,61857,0
13844,9755,72847,0
13845,20371,22475,0
13846,42662,107030,0
13847,35006,40559,0
13848,85984,125947,0
13849,131792,128982,0
13850,99960,22275,0
13851,48334,149552,0
13852,63083,117985,0
13853,102037,104628,0
13854,36674,110540,0
13855,22351,97274,0
13856,137350,114010,0
13857,21238,132240,0
13858,67632,5186,0
13859,66505,58737,0
13860,119318,9669,0
13861,21195,151222,0
13862,34359,27591,0
13863,100163,63802,0
13864,17527,112824,0
13865,56836,137351,0
13866,6656,28601,0
13867,83140,94404,0
13868,133917,82897,0
13869,27051,123396,0
13870,42305,48311,0
13871,97907,108667,0
13872,132034,153813,0
13873,83723,62728,0
13874,44769,69582,0
13875,15561,37990,0
13876,32593,714,0
13877,153255,75585,0
13878,5270,73112,0
13879,74856,68020,0
13880,151191,152246,0
13881,83853,39661,0
13882,43373,129027,0
13883,27930,45558,0
13884,12748,136787,0
13885,145185,85327,0
13886,20532,61328,0
13887,114110,153400,0
13888,19506,112619,0
13889,23410,122788,0
13890,149812,90047,0
13891,136300,114036,0
13892,2913,68764,0
13893,10183,137475,0
13894,87475,37614,0
13895,90180,24166,0
13896,71632,10480,0
13897,106378,45110,0
13898,139583,53945,0
13899,149498,123296,0
13900,107945,148481,0
13901,69829,60655,0
13902,68099,64850,0
13903,136830,56859,0
13904,119880,146529,0
13905,8870,65556,0
13906,88427,107753,0
13907,55931,10655,0
13908,49802,73891,0
13909,148454,29908,0
13910,95161,149743,0
13911,9422,13085,0
13912,4094,51049,0
13913,12749,5358,0
13914,38947,115660,0
13915,140069,14511,0
13916,54889,121095,0
13917,145339,151735,0
13918,84199,82979,0
13919,4639,81294,0
13920,78252,127959,0
13921,78203,60902,0
13922,50368,66830,0
13923,78345,54140,0
13924,103535,26213,0
13925,40527,81935,0
13926,149,18906,0
13927,15386,56239,0
13928,52883,23368,0
13929,96522,129995,0
13930,97540,105607,0
13931,142975,121382,0
13932,15689,4510,0
13933,1105,54684,0
13934,133576,49300,0
13935,107427,115560,0
13936,106486,51825,0
13937,85220,97283,0
13938,68035,24498,0
13939,42214,132032,0
13940,147083,139150,0
13941,118934,53070,0
13942,73846,9372,0
13943,113978,125497,0
13944,4857,49125,0
13945,75732,5574,0
13946,94206,90965,0
13947,9802,97246,0
13948,59099,17011,0
13949,6228,143834,0
13950,90603,77681,0
13951,82220,147054,0
13952,50029,125578,0
13953,106305,82989,0
13954,146051,132440,0
13955,83413,9062,0
13956,62141,92121,0
13957,90469,71380,0
13958,138682,112270,0
13959,97881,114665,0
13960,128887,1907,0
13961,42085,132266,0
13962,47092,106139,0
13963,151806,30242,0
13964,21254,69542,0
13965,62588,130489,0
13966,23895,600,0
13967,10928,82015,0
13968,51841,98953,0
13969,6549,76833,0
13970,9064,113373,0
13971,81895,50831,0
13972,142497,29431,0
13973,84163,94984,0
13974,90313,134823,0
13975,92406,33642,0
13976,104989,24540,0
13977,14609,67970,0
13978,92323,47160,0
13979,140585,18933,0
13980,19077,9890,0
13981,114644,36035,0
13982,46875,4468,0
13983,122254,31301,0
13984,51163,154672,0
13985,74047,132151,0
13986,123846,87029,0
13987,100498,87899,0
13988,146571,56982,0
13989,13062,27923,0
13990,37040,147766,0
13991,26011,5936,0
13992,28727,62048,0
13993,73354,4538,0
13994,146112,139025,0
13995,24571,125207,0
13996,120039,19094,0
13997,19119,103545,0
13998,26859,102850,0
13999,140485,45305,0
14000,70261,44109,0
14001,42973,38195,0
14002,55668,112361,0
14003,84725,153681,0
14004,28650,11205,0
14005,121556,143992,0
14006,132232,140985,0
14007,20711,67352,0
14008,109781,33221,0
14009,43661,32022,0
14010,21820,110924,0
14011,9548,119185,0
14012,8452,14121,0
14013,26276,31074,0
14014,52088,71255,0
14015,37068,152165,0
14016,52205,103094,0
14017,136078,88628,0
14018,61591,96075,0
14019,27231,89800,0
14020,10323,74197,0
14021,79937,101879,0
14022,25525,112304,0
14023,119916,87042,0
14024,29874,21745,0
14025,14070,110934,0
14026,33249,120646,0
14027,92593,56012,0
14028,17762,125339,0
14029,113737,143495,0
14030,109760,71658,0
14031,10279,52622,0
14032,49848,129924,0
14033,96560,77822,0
14034,57100,100380,0
14035,8022,102416,0
14036,9352,147383,0
14037,65869,97248,0
14038,21275,78601,0
14039,96821,42166,0
14040,70312,11288,0
14041,7272,46231,0
14042,66132,52502,0
14043,16312,109558,0
14044,87103,135988,0
14045,96794,98500,0
14046,134177,57091,0
14047,94613,32520,0
14048,147113,121015,0
14049,59913,87162,0
14050,5964,63714,0
14051,130269,134051,0
14052,83764,47300,0
14053,29303,13634,0
14054,84064,18871,0
14055,82291,20968,0
14056,106428,101540,0
14057,48085,60965,0
14058,111483,144184,0
14059,113254,99807,0
14060,31472,121658,0
14061,142804,129836,0
14062,58070,102014,0
14063,83639,34412,0
14064,112872,106194,0
14065,21897,69304,0
14066,117862,153014,0
14067,12366,97050,0
14068,101891,10169,0
14069,149014,5097,0
14070,35229,52803,0
14071,11117,81311,0
14072,59237,126268,0
14073,134701,11099,0
14074,38328,142478,0
14075,57546,62323,0
14076,122413,44871,0
14077,124302,64483,0
14078,33090,79211,0
14079,99276,86571,0
14080,41181,13941,0
14081,98652,2524,0
14082,79230,1048,0
14083,154563,99705,0
14084,58585,132875,0
14085,12584,132755,0
14086,46848,49362,0
14087,69455,54451,0
14088,41302,124527,0
14089,116892,128977,0
14090,17037,155053,0
14091,46391,141499,0
14092,34934,40435,0
14093,147269,92205,0
14094,62334,105957,0
14095,61018,65743,0
14096,17078,105771,0
14097,114659,49638,0
14098,10851,85255,0
14099,82291,146757,0
14100,141739,33253,0
14101,74596,111050,0
14102,21874,32898,0
14103,4819,13901,0
14104,5527,151342,0
14105,18927,109598,0
14106,138527,100033,0
14107,71707,115479,0
14108,59959,41729,0
14109,79780,114136,0
14110,99883,73313,0
14111,20304,81633,0
14112,153610,152665,0
14113,70644,109731,0
14114,35993,53699,0
14115,53953,69323,0
14116,126361,121789,0
14117,72343,1972,0
14118,83202,77044,0
14119,44876,76008,0
14120,152192,78813,0
14121,68514,31776,0
14122,133930,100997,0
14123,92742,19180,0
14124,19581,122083,0
14125,119247,125380,0
14126,4484,153450,0
14127,81320,66900,0
14128,5909,67312,0
14129,92596,5526,0
14130,6584,81537,0
14131,84854,28620,0
14132,57497,145613,0
14133,112601,150382,0
14134,77905,20570,0
14135,96481,105967,0
14136,29995,71590,0
14137,141342,118064,0
14138,87114,12734,0
14139,78179,1516,0
14140,77314,96231,0
14141,63541,7802,0
14142,37644,11264,0
14143,76159,25083,0
14144,8421,137415,0
14145,130034,45639,0
14146,56512,5892,0
14147,91720,95848,0
14148,52585,74467,0
14149,142490,33575,0
14150,23101,96290,0
14151,2996,150778,0
14152,106595,153222,0
14153,28324,125452,0
14154,112112,19330,0
14155,81417,64385,0
14156,56909,63078,0
14157,71065,56575,0
14158,60336,131680,0
14159,74168,29970,0
14160,71306,95640,0
14161,148354,137288,0
14162,63512,102589,0
14163,21019,133075,0
14164,41702,70138,0
14165,149747,125865,0
14166,145874,23618,0
14167,127772,77235,0
14168,62059,110878,0
14169,41562,78724,0
14170,19062,21250,0
14171,110225,2729,0
14172,7093,110572,0
14173,136240,52361,0
14174,121065,24104,0
14175,142525,41577,0
14176,44539,8719,0
14177,133764,91306,0
14178,75033,10364,0
14179,43620,58411,0
14180,87383,143248,0
14181,36975,38619,0
14182,62939,11980,0
14183,57158,54925,0
14184,129592,151841,0
14185,60836,4590,0
14186,94460,67288,0
14187,115793,131369,0
14188,67376,10638,0
14189,88437,25454,0
14190,134153,115918,0
14191,36915,9005,0
14192,47149,121785,0
14193,63837,23238,0
14194,6624,102403,0
14195,124304,130860,0
14196,36582,83665,0
14197,112536,24759,0
14198,73992,114221,0
14199,63488,2474,0
14200,30701,12322,0
14201,57213,92454,0
14202,137269,5324,0
14203,66399,65748,0
14204,95727,54888,0
14205,88509,95569,0
14206,84459,62396,0
14207,22236,72082,0
14208,100108,46559,0
14209,5913,96815,0
14210,65168,32889,0
14211,107509,75545,0
14212,89494,46103,0
14213,137756,67521,0
14214,105656,140509,0
14215,116074,55982,0
14216,62254,55509,0
14217,104404,116135,0
14218,69938,133433,0
14219,44212,125217,0
14220,248,73301,0
14221,115063,118648,0
14222,4325,29811,0
14223,17675,40857,0
14224,122415,45606,0
14225,69488,150531,0
14226,150191,99607,0
14227,2486,3535,0
14228,16854,91902,0
14229,42294,120621,0
14230,74266,1274,0
14231,29975,77915,0
14232,10814,55272,0
14233,6502,89810,0
14234,80781,109606,0
14235,47441,111328,0
14236,119490,118347,0
14237,130507,112003,0
14238,97957,14342,0
14239,135713,6355,0
14240,79316,13928,0
14241,16878,127534,0
14242,142802,73678,0
14243,89709,91480,0
14244,43867,16,0
14245,63513,99675,0
14246,102317,18574,0
14247,33347,29097,0
14248,36206,110452,0
14249,6807,40003,0
14250,131027,11612,0
14251,127723,8282,0
14252,25862,71512,0
14253,41409,54890,0
14254,90050,46926,0
14255,52818,127283,0
14256,61843,84505,0
14257,60720,44746,0
14258,124383,10462,0
14259,128604,30356,0
14260,35353,96700,0
14261,32374,40356,0
14262,99235,69901,0
14263,46261,111504,0
14264,151456,43728,0
14265,82383,122175,0
14266,77574,21065,0
14267,146857,131573,0
14268,92142,56771,0
14269,94379,128000,0
14270,90477,72505,0
14271,144226,87026,0
14272,137586,90138,0
14273,58997,153679,0
14274,22560,79542,0
14275,132492,93939,0
14276,128749,69032,0
14277,84609,65568,0
14278,28868,123958,0
14279,2952,47600,0
14280,56526,121601,0
14281,153629,32417,0
14282,129924,68308,0
14283,148568,101585,0
14284,152509,125492,0
14285,61783,90185,0
14286,88829,58546,0
14287,72057,109299,0
14288,76454,91605,0
14289,78368,14172,0
14290,148348,22226,0
14291,150039,55249,0
14292,71753,151026,0
14293,114178,139632,0
14294,119505,106664,0
14295,144311,86238,0
14296,39057,46711,0
14297,123686,127995,0
14298,37122,23993,0
14299,149909,142205,0
14300,75881,136780,0
14301,83224,19853,0
14302,88822,130162,0
14303,9160,6613,0
14304,120291,103546,0
14305,132432,136692,0
14306,36496,35324,0
14307,127194,133779,0
14308,12687,65537,0
14309,79087,46650,0
14310,58207,1253,0
14311,114113,150021,0
14312,137745,83599,0
14313,23916,97810,0
14314,141612,125320,0
14315,23925,53738,0
14316,124115,77048,0
14317,100389,92666,0
14318,68828,2013,0
14319,54044,10997,0
14320,62781,117009,0
14321,32513,112635,0
14322,82701,24757,0
14323,17358,10387,0
14324,29326,152397,0
14325,60181,33741,0
14326,12835,28716,0
14327,82408,148622,0
14328,96477,25997,0
14329,108065,147429,0
14330,24227,56921,0
14331,130532,40468,0
14332,89707,75893,0
14333,1443,50093,0
14334,60636,94223,0
14335,110796,35888,0
14336,85835,154614,0
14337,149222,35601,0
14338,123402,115823,0
14339,78491,622,0
14340,113820,56052,0
14341,27548,81670,0
14342,411,51842,0
14343,57653,107747,0
14344,25101,106760,0
14345,113992,10362,0
14346,144775,25748,0
14347,141435,106066,0
14348,110153,93633,0
14349,68282,94851,0
14350,96905,131489,0
14351,78286,25378,0
14352,143976,127141,0
14353,80691,104977,0
14354,73396,69837,0
14355,44659,79736,0
14356,61910,131020,0
14357,123072,81193,0
14358,123024,72992,0
14359,31426,63640,0
14360,41076,129029,0
14361,147824,58390,0
14362,152211,50955,0
14363,92601,97903,0
14364,2056,108324,0
14365,129875,56625,0
14366,43400,95749,0
14367,86865,17512,0
14368,87668,73206,0
14369,148522,122317,0
14370,146864,94641,0
14371,89802,60784,0
14372,75721,3822,0
14373,37428,98976,0
14374,42778,111263,0
14375,102038,146467,0
14376,114984,3880,0
14377,95345,144679,0
14378,148798,118207,0
14379,125867,118449,0
14380,116090,114753,0
14381,12870,27241,0
14382,5637,14323,0
14383,61715,48503,0
14384,41609,128915,0
14385,36948,154356,0
14386,126214,11822,0
14387,12100,72441,0
14388,54619,21647,0
14389,139586,118054,0
14390,150709,100292,0
14391,68852,131403,0
14392,90434,100528,0
14393,28603,61468,0
14394,30292,55776,0
14395,81716,15223,0
14396,135857,36546,0
14397,155023,118049,0
14398,540,65094,0
14399,152342,71542,0
14400,81358,129649,0
14401,129537,6262,0
14402,35691,149801,0
14403,123594,131226,0
14404,65389,103693,0
14405,141531,67340,0
14406,43839,124911,0
14407,28245,125237,0
14408,80569,9402,0
14409,80549,87011,0
14410,33811,45955,0
14411,35749,106300,0
14412,34575,11120,0
14413,124363,31363,0
14414,143318,74417,0
14415,144339,95301,0
14416,67318,49325,0
14417,44080,94908,0
14418,145423,67188,0
14419,101157,154734,0
14420,100381,94191,0
14421,30463,129549,0
14422,151442,310,0
14423,132956,140317,0
14424,127729,10369,0
14425,146487,124104,0
14426,154670,32545,0
14427,33967,79060,0
14428,33286,92105,0
14429,53009,53980,0
14430,95762,36569,0
14431,119417,87113,0
14432,70366,61918,0
14433,2974,148730,0
14434,104839,18775,0
14435,70227,3611,0
14436,150729,44818,0
14437,41700,116537,0
14438,153571,14532,0
14439,92805,102807,0
14440,91137,25802,0
14441,13058,143068,0
14442,51174,134395,0
14443,16209,84474,0
14444,96053,129162,0
14445,154662,146348,0
14446,142874,143938,0
14447,76613,130063,0
14448,43330,117300,0
14449,70327,7147,0
14450,100304,75262,0
14451,15178,100257,0
14452,69957,127628,0
14453,114643,142936,0
14454,129694,94552,0
14455,50148,122926,0
14456,75718,64731,0
14457,39147,155106,0
14458,4103,83592,0
14459,45937,137813,0
14460,29039,112223,0
14461,8973,40724,0
14462,102617,33102,0
14463,40948,149290,0
14464,133415,125574,0
14465,48674,11784,0
14466,77225,28637,0
14467,61717,22743,0
14468,38409,88891,0
14469,103660,6427,0
14470,49439,26312,0
14471,83817,8326,0
14472,73656,73952,0
14473,66587,44612,0
14474,8692,42796,0
14475,127984,28802,0
14476,76534,100940,0
14477,71034,128210,0
14478,40661,89498,0
14479,64895,60335,0
14480,74066,71480,0
14481,28793,116933,0
14482,150077,127463,0
14483,90121,35968,0
14484,66024,9929,0
14485,143239,37234,0
14486,60575,151401,0
14487,130670,147249,0
14488,63283,68042,0
14489,115852,14628,0
14490,39634,145725,0
14491,145357,76092,0
14492,62573,99958,0
14493,28909,152992,0
14494,66211,43040,0
14495,51752,45342,0
14496,28673,63263,0
14497,41783,5642,0
14498,38433,93154,0
14499,79017,118316,0
14500,41707,65812,0
14501,153152,147075,0
14502,9558,138238,0
14503,72012,91349,0
14504,105284,124391,0
14505,132930,120416,0
14506,75477,49366,0
14507,50532,12320,0
14508,44078,95006,0
14509,145510,48217,0
14510,129700,36040,0
14511,54264,89448,0
14512,128261,37996,0
14513,128233,56113,0
14514,92793,37298,0
14515,129640,36933,0
14516,16840,8055,0
14517,110361,96436,0
14518,149646,105603,0
14519,24764,103168,0
14520,122859,92830,0
14521,105106,153453,0
14522,78386,44965,0
14523,76067,23406,0
14524,112053,17930,0
14525,94220,114043,0
14526,120097,125840,0
14527,99481,31692,0
14528,106565,139132,0
14529,108564,52361,0
14530,43929,82696,0
14531,92566,385,0
14532,79387,11638,0
14533,65931,71305,0
14534,147638,86523,0
14535,149724,139869,0
14536,82419,88039,0
14537,131386,16477,0
14538,52380,3700,0
14539,40621,19494,0
14540,23392,150245,0
14541,146760,96644,0
14542,84693,13474,0
14543,40477,7212,0
14544,102921,4940,0
14545,17170,151243,0
14546,141694,108979,0
14547,154087,146192,0
14548,43312,73428,0
14549,78456,21231,0
14550,131121,50328,0
14551,129244,89149,0
14552,52586,96861,0
14553,67300,28743,0
14554,8591,5042,0
14555,12421,65163,0
14556,88518,122447,0
14557,59166,61491,0
14558,6625,468,0
14559,116957,112972,0
14560,63895,143317,0
14561,11946,95381,0
14562,74511,135444,0
14563,153572,31762,0
14564,126804,126575,0
14565,72312,46510,0
14566,50844,48992,0
14567,114724,131642,0
14568,72344,140286,0
14569,10756,20188,0
14570,66373,77210,0
14571,143598,92561,0
14572,34834,150175,0
14573,152339,115777,0
14574,42274,14904,0
14575,31996,74090,0
14576,30716,138500,0
14577,35289,67679,0
14578,95766,64892,0
14579,139629,61182,0
14580,19233,69862,0
14581,30847,11269,0
14582,87176,55071,0
14583,151615,46226,0
14584,85483,108642,0
14585,89195,34267,0
14586,114811,61669,0
14587,131562,43757,0
14588,141750,95601,0
14589,153,75589,0
14590,12747,26100,0
14591,33220,37080,0
14592,1765,10992,0
14593,57583,14297,0
14594,48817,128691,0
14595,52836,68603,0
14596,103840,125526,0
14597,5310,69148,0
14598,10076,45663,0
14599,40962,126999,0
14600,141718,20691,0
14601,139998,60847,0
14602,48632,119713,0
14603,13371,57388,0
14604,119357,63607,0
14605,113096,5861,0
14606,42558,60331,0
14607,65379,88507,0
14608,35377,132847,0
14609,69795,91824,0
14610,51369,149907,0
14611,95545,31315,0
14612,133141,72480,0
14613,107046,101571,0
14614,119588,53965,0
14615,34986,27455,0
14616,126540,50056,0
14617,64786,127695,0
14618,35100,34976,0
14619,32023,67134,0
14620,44854,5958,0
14621,47922,18790,0
14622,15409,22963,0
14623,66151,39696,0
14624,84025,90433,0
14625,133946,31478,0
14626,97913,98825,0
14627,65455,127404,0
14628,87346,56695,0
14629,104919,57904,0
14630,106946,129562,0
14631,35576,78794,0
14632,99560,73796,0
14633,96794,141463,0
14634,99377,34945,0
14635,69216,6420,0
14636,92313,114524,0
14637,45319,101099,0
14638,72791,82496,0
14639,96639,57839,0
14640,90434,13073,0
14641,109011,125118,0
14642,83016,128409,0
14643,96345,77771,0
14644,23685,91774,0
14645,148575,51143,0
14646,70086,53339,0
14647,132585,99086,0
14648,48935,75141,0
14649,44886,31834,0
14650,74532,91316,0
14651,17416,154782,0
14652,13524,53572,0
14653,73700,20359,0
14654,144196,118202,0
14655,65092,102157,0
14656,28217,96088,0
14657,87069,147323,0
14658,122890,78092,0
14659,86352,153135,0
14660,131501,101367,0
14661,153657,51124,0
14662,143173,80652,0
14663,102031,2102,0
14664,20302,48521,0
14665,47567,46772,0
14666,48355,38851,0
14667,21315,17812,0
14668,142849,84473,0
14669,81986,44208,0
14670,41925,142664,0
14671,20206,68981,0
14672,107864,41413,0
14673,151188,123791,0
14674,137783,24167,0
14675,119267,142852,0
14676,12988,42734,0
14677,105442,57756,0
14678,2705,89635,0
14679,143814,82004,0
14680,150279,64836,0
14681,16411,150927,0
14682,61569,99155,0
14683,7187,149760,0
14684,30947,77821,0
14685,153078,73307,0
14686,17281,148905,0
14687,72665,20562,0
14688,9720,88636,0
14689,44926,120190,0
14690,24003,26356,0
14691,149157,55331,0
14692,107357,37754,0
14693,56622,8014,0
14694,77192,76737,0
14695,2662,41107,0
14696,6125,94077,0
14697,61225,94784,0
14698,148834,16661,0
14699,82445,6154,0
14700,143365,68385,0
14701,98345,11662,0
14702,13491,61654,0
14703,107621,153513,0
14704,93482,3797,0
14705,141928,2915,0
14706,142648,34610,0
14707,109181,8700,0
14708,104665,47000,0
14709,18674,123562,0
14710,31190,132356,0
14711,90351,57105,0
14712,101271,141858,0
14713,52346,55923,0
14714,2510,31738,0
14715,41994,50875,0
14716,31407,43358,0
14717,88338,98336,0
14718,16522,66199,0
14719,155175,2155,0
14720,24588,22958,0
14721,27981,52909,0
14722,63395,81813,0
14723,74366,40985,0
14724,18608,118636,0
14725,83419,74692,0
14726,55862,75912,0
14727,146038,72414,0
14728,147082,51964,0
14729,135328,130036,0
14730,146996,75388,0
14731,68826,131478,0
14732,79020,62153,0
14733,11238,42908,0
14734,130146,98703,0
14735,26847,75918,0
14736,103845,24745,0
14737,67372,20991,0
14738,113680,90242,0
14739,108854,106714,0
14740,74266,26150,0
14741,105888,64994,0
14742,92877,132470,0
14743,11029,147827,0
14744,96246,113383,0
14745,118098,58741,0
14746,9312,39573,0
14747,81323,114870,0
14748,27649,989,0
14749,120662,122861,0
14750,15015,111814,0
14751,46059,110027,0
14752,152388,107684,0
14753,51970,21108,0
14754,32184,80976,0
14755,2796,95724,0
14756,139634,48426,0
14757,34868,35893,0
14758,19349,79923,0
14759,91448,24212,0
14760,117466,153231,0
14761,141545,70306,0
14762,154348,75746,0
14763,13584,73327,0
14764,106526,93113,0
14765,107799,13382,0
14766,21453,17504,0
14767,60100,130912,0
14768,102968,143538,0
14769,90800,138394,0
14770,39523,18454,0
14771,74917,150383,0
14772,86883,150728,0
14773,2265,20738,0
14774,35894,8331,0
14775,90521,99532,0
14776,103362,88311,0
14777,145729,105385,0
14778,48090,75401,0
14779,134645,77598,0
14780,13964,16040,0
14781,34748,113127,0
14782,15800,8139,0
14783,14793,121082,0
14784,16053,32137,0
14785,138276,122177,0
14786,19975,71985,0
14787,41543,46719,0
14788,55378,131702,0
14789,65694,57850,0
14790,106791,83001,0
14791,26928,153757,0
14792,86210,101496,0
14793,52420,37524,0
14794,21002,97708,0
14795,126889,148099,0
14796,65636,20943,0
14797,30602,1643,0
14798,35280,112393,0
14799,60072,358,0
14800,127121,57677,0
14801,36233,68861,0
14802,154167,44695,0
14803,74662,18223,0
14804,26288,60152,0
14805,121630,93228,0
14806,138290,39219,0
14807,23739,149041,0
14808,18135,10195,0
14809,103228,96314,0
14810,119520,10458,0
14811,114366,70822,0
14812,48632,86518,0
14813,83977,24754,0
14814,82848,25836,0
14815,94351,110878,0
14816,6774,107753,0
14817,16664,153605,0
14818,92358,66450,0
14819,60366,108654,0
14820,71003,27815,0
14821,18029,134207,0
14822,68548,102960,0
14823,39741,102307,0
14824,69739,87068,0
14825,70882,39357,0
14826,13961,93828,0
14827,14723,15509,0
14828,128099,44743,0
14829,29596,114432,0
14830,6222,115606,0
14831,99408,85077,0
14832,109744,67428,0
14833,27973,5636,0
14834,73805,15352,0
14835,150872,6266,0
14836,92354,128638,0
14837,68292,15234,0
14838,106826,44334,0
14839,104272,152990,0
14840,75455,108566,0
14841,8532,29323,0
14842,13123,89807,0
14843,30905,59656,0
14844,7229,122429,0
14845,118085,73863,0
14846,154628,98426,0
14847,64309,107410,0
14848,109144,97301,0
14849,33417,110631,0
14850,135570,150619,0
14851,137295,46764,0
14852,143424,143652,0
14853,152438,111692,0
14854,11087,97129,0
14855,117473,67934,0
14856,76951,92029,0
14857,53256,69034,0
14858,128129,20015,0
14859,142249,53814,0
14860,129025,22960,0
14861,66819,63282,0
14862,64159,133429,0
14863,135763,98998,0
14864,69119,144968,0
14865,146950,25279,0
14866,75684,110471,0
14867,50916,136484,0
14868,71529,84602,0
14869,130694,150894,0
14870,58785,140062,0
14871,147780,21812,0
14872,114725,6923,0
14873,41181,96113,0
14874,66301,123439,0
14875,37559,49704,0
14876,127336,100275,0
14877,33865,11530,0
14878,21644,97219,0
14879,87869,111956,0
14880,28514,86894,0
14881,56405,128009,0
14882,97225,103387,0
14883,144169,5387,0
14884,65121,123796,0
14885,153614,23817,0
14886,105441,108896,0
14887,35976,33436,0
14888,354,33337,0
14889,94078,102480,0
14890,121887,138196,0
14891,84354,154055,0
14892,55657,105885,0
14893,30900,103850,0
14894,110701,125374,0
14895,63700,104085,0
14896,98630,30138,0
14897,122038,153568,0
14898,148102,145464,0
14899,45336,3277,0
14900,20022,60964,0
14901,52425,64691,0
14902,2357,61786,0
14903,135461,144496,0
14904,58735,139435,0
14905,87559,36039,0
14906,54423,112339,0
14907,17166,128656,0
14908,72185,69944,0
14909,122994,93914,0
14910,81044,153496,0
14911,47416,146176,0
14912,74170,124299,0
14913,32799,60646,0
14914,115635,137172,0
14915,5044,98201,0
14916,114976,136663,0
14917,140181,11016,0
14918,22329,37146,0
14919,44986,84122,0
14920,93937,35319,0
14921,62377,40085,0
14922,133135,91109,0
14923,43020,93934,0
14924,32008,54307,0
14925,69632,90671,0
14926,144030,2561,0
14927,54102,87831,0
14928,69467,108007,0
14929,149752,1364,0
14930,141486,26916,0
14931,62243,117518,0
14932,150153,72494,0
14933,43151,150870,0
14934,77924,105783,0
14935,44221,592,0
14936,96711,92407,0
14937,10443,36458,0
14938,47705,114504,0
14939,48455,67446,0
14940,73203,113481,0
14941,124974,147329,0
14942,15657,90377,0
14943,46502,53758,0
14944,79817,44788,0
14945,130537,19917,0
14946,73926,11376,0
14947,82369,18239,0
14948,42377,2927,0
14949,130235,9011,0
14950,92386,137812,0
14951,114138,59658,0
14952,84127,107877,0
14953,19611,1368,0
14954,82241,19198,0
14955,68825,16166,0
14956,53985,109878,0
14957,76429,62430,0
14958,61105,100506,0
14959,124669,134004,0
14960,65063,13401,0
14961,149030,154161,0
14962,60398,103884,0
14963,47864,31301,0
14964,19476,101339,0
14965,5080,30895,0
14966,125204,131073,0
14967,60450,23470,0
14968,123474,62257,0
14969,54215,48401,0
14970,4849,135861,0
14971,150196,134596,0
14972,23392,9727,0
14973,29999,43145,0
14974,65539,153563,0
14975,116675,66111,0
14976,29801,92381,0
14977,16710,84539,0
14978,51242,3132,0
14979,102171,108004,0
14980,125273,75891,0
14981,78272,21768,0
14982,55273,141792,0
14983,88584,120957,0
14984,9509,95402,0
14985,24115,13766,0
14986,5996,52279,0
14987,17339,147815,0
14988,812,95385,0
14989,37525,4096,0
14990,48508,68368,0
14991,35680,117394,0
14992,31543,4833,0
14993,148076,68006,0
14994,101282,108342,0
14995,151421,38726,0
14996,63462,146391,0
14997,85652,87573,0
14998,36529,78439,0
14999,104061,79953,0
15000,151188,88542,0
15001,146501,74617,0
15002,1607,8121,0
15003,152364,14893,0
15004,83100,99645,0
15005,84324,66892,0
15006,143312,123327,0
15007,31858,145826,0
15008,143243,24446,0
15009,37110,48587,0
15010,81545,2387,0
15011,135656,70552,0
15012,30137,91097,0
15013,65903,88401,0
15014,37395,137413,0
15015,21013,82877,0
15016,16832,127024,0
15017,131093,102783,0
15018,103641,101553,0
15019,10020,130838,0
15020,29285,113637,0
15021,22461,119482,0
15022,125504,109654,0
15023,78726,86020,0
15024,142536,114791,0
15025,55200,98672,0
15026,89562,146687,0
15027,30711,107193,0
15028,52871,55710,0
15029,54,83668,0
15030,51965,84682,0
15031,39088,12110,0
15032,58321,141092,0
15033,36861,134661,0
15034,138231,68067,0
15035,142096,153164,0
15036,63134,11304,0
15037,7897,60409,0
15038,74542,1403,0
15039,95691,32899,0
15040,90539,72173,0
15041,63181,125219,0
15042,115584,79545,0
15043,99843,58122,0
15044,33061,104607,0
15045,36566,106103,0
15046,149488,147207,0
15047,33404,108688,0
15048,130271,5053,0
15049,128018,84688,0
15050,119357,128438,0
15051,101741,118517,0
15052,114659,29181,0
15053,117632,152292,0
15054,39709,12985,0
15055,44433,37805,0
15056,85141,148994,0
15057,102170,110355,0
15058,119759,73079,0
15059,51185,59944,0
15060,64441,53680,0
15061,132736,20973,0
15062,66177,149011,0
15063,112196,103914,0
15064,47542,128311,0
15065,2093,48392,0
15066,152918,26063,0
15067,73697,1465,0
15068,35444,102004,0
15069,25194,76828,0
15070,95302,132893,0
15071,118547,125037,0
15072,57040,40982,0
15073,148022,40109,0
15074,21682,116634,0
15075,80028,37214,0
15076,50614,104266,0
15077,94049,112830,0
15078,29118,118558,0
15079,137729,22391,0
15080,16726,38841,0
15081,53886,26746,0
15082,135410,140120,0
15083,105074,50237,0
15084,7089,130809,0
15085,135083,8487,0
15086,56794,53818,0
15087,66447,23152,0
15088,58195,39481,0
15089,54261,8336,0
15090,13575,4301,0
15091,143726,131600,0
15092,73772,44229,0
15093,58741,57098,0
15094,16927,142231,0
15095,88427,148955,0
15096,17324,154492,0
15097,23449,153737,0
15098,106171,91725,0
15099,69458,146667,0
15100,81125,17602,0
15101,458,66317,0
15102,147584,78961,0
15103,41776,145145,0
15104,6470,24304,0
15105,65804,101482,0
15106,73892,79382,0
15107,82304,5766,0
15108,675,85559,0
15109,127157,31143,0
15110,127124,105991,0
15111,87817,97379,0
15112,56762,6202,0
15113,110268,123784,0
15114,33021,137611,0
15115,149962,126476,0
15116,92884,62634,0
15117,104364,28902,0
15118,14775,146828,0
15119,25438,46235,0
15120,22007,22278,0
15121,40492,52525,0
15122,95048,3112,0
15123,92590,19404,0
15124,96374,109682,0
15125,47752,131213,0
15126,101418,37189,0
15127,126982,87685,0
15128,73000,45405,0
15129,148114,20386,0
15130,107517,96080,0
15131,83225,53,0
15132,114303,120936,0
15133,122604,139756,0
15134,48623,5008,0
15135,40541,18854,0
15136,91868,154349,0
15137,151383,32729,0
15138,116463,111177,0
15139,15625,47882,0
15140,137944,58714,0
15141,76940,137811,0
15142,109737,134771,0
15143,119725,39307,0
15144,42111,67140,0
15145,147635,151181,0
15146,8739,55044,0
15147,81834,147266,0
15148,55931,122661,0
15149,13274,119105,0
15150,133705,4988,0
15151,51378,49380,0
15152,101741,147477,0
15153,69790,60198,0
15154,86537,34874,0
15155,44463,138101,0
15156,24218,120319,0
15157,96474,45447,0
15158,62704,76551,0
15159,80778,104337,0
15160,104062,86101,0
15161,19048,33043,0
15162,122110,64208,0
15163,85565,74941,0
15164,102448,125288,0
15165,16026,150458,0
15166,14461,3496,0
15167,51480,69086,0
15168,118589,22777,0
15169,22626,19518,0
15170,23918,57380,0
15171,9048,44242,0
15172,116164,46953,0
15173,121942,16887,0
15174,23282,58137,0
15175,37623,73364,0
15176,31459,132742,0
15177,64089,147180,0
15178,28650,151290,0
15179,57015,145468,0
15180,28252,82867,0
15181,153512,54450,0
15182,69963,70087,0
15183,30579,108130,0
15184,64063,83254,0
15185,16225,93695,0
15186,46731,109501,0
15187,123618,131246,0
15188,94596,94123,0
15189,80718,135614,0
15190,81629,109960,0
15191,100396,153596,0
15192,1712,144474,0
15193,104500,94545,0
15194,68008,135308,0
15195,19407,101091,0
15196,101882,62192,0
15197,77155,50747,0
15198,33032,146093,0
15199,32257,116255,0
15200,141129,141077,0
15201,28753,71733,0
15202,124861,38786,0
15203,111594,1543,0
15204,113844,78147,0
15205,38293,134266,0
15206,138917,81336,0
15207,103280,5564,0
15208,108146,93395,0
15209,62740,61850,0
15210,71835,83975,0
15211,8135,101188,0
15212,151253,20602,0
15213,135273,86174,0
15214,84591,12435,0
15215,112504,79654,0
15216,145794,55496,0
15217,128569,2090,0
15218,2457,117197,0
15219,7012,62495,0
15220,68913,145912,0
15221,79140,88769,0
15222,139941,142618,0
15223,97056,45387,0
15224,12369,84175,0
15225,122943,68639,0
15226,35636,83397,0
15227,115546,37054,0
15228,122778,85698,0
15229,33598,94525,0
15230,72549,61895,0
15231,147713,138642,0
15232,130066,22527,0
15233,4550,142640,0
15234,55531,46392,0
15235,37460,17400,0
15236,43183,132384,0
15237,115796,29123,0
15238,41019,47271,0
15239,75394,114160,0
15240,79295,21376,0
15241,58567,109362,0
15242,152060,12260,0
15243,150993,8270,0
15244,137528,83849,0
15245,31785,115239,0
15246,61627,133233,0
15247,20378,142228,0
15248,133610,66815,0
15249,128309,52485,0
15250,57698,109326,0
15251,130211,63799,0
15252,42544,20061,0
15253,87144,73852,0
15254,83194,91734,0
15255,83621,144341,0
15256,142884,123447,0
15257,128462,61032,0
15258,95879,89920,0
15259,99963,138703,0
15260,19355,23073,0
15261,8319,127411,0
15262,82850,73756,0
15263,137007,14281,0
15264,53754,129115,0
15265,103752,29959,0
15266,106229,133564,0
15267,9103,21395,0
15268,119283,56378,0
15269,10520,117121,0
15270,14763,36896,0
15271,64425,140369,0
15272,29995,6755,0
15273,61591,130430,0
15274,76581,56321,0
15275,143154,136593,0
15276,47588,35799,0
15277,82370,4266,0
15278,143130,45241,0
15279,26292,66308,0
15280,23801,9737,0
15281,154443,96237,0
15282,108611,33485,0
15283,75477,129979,0
15284,48041,113413,0
15285,138948,46169,0
15286,21543,54962,0
15287,34701,148025,0
15288,154384,29158,0
15289,25289,91300,0
15290,56194,92432,0
15291,22990,103398,0
15292,145840,2248,0
15293,7295,118488,0
15294,17020,108421,0
15295,73304,51897,0
15296,79612,126872,0
15297,80884,121889,0
15298,75614,127293,0
15299,49577,113723,0
15300,90217,71512,0
15301,19570,154907,0
15302,2159,39577,0
15303,138890,129088,0
15304,144006,116289,0
15305,56366,15854,0
15306,95423,61527,0
15307,134039,31059,0
15308,153395,114124,0
15309,34205,59818,0
15310,1827,14204,0
15311,38933,102067,0
15312,129184,76387,0
15313,60725,108110,0
15314,32314,130849,0
15315,139887,14719,0
15316,151037,43481,0
15317,38460,110232,0
15318,44599,34531,0
15319,127520,145392,0
15320,32496,104863,0
15321,15361,90275,0
15322,50573,55720,0
15323,112097,146993,0
15324,94280,21698,0
15325,39825,112739,0
15326,8820,51822,0
15327,126990,129799,0
15328,89587,63825,0
15329,123699,6427,0
15330,11800,8441,0
15331,113966,132606,0
15332,23543,53534,0
15333,135436,99882,0
15334,33381,85950,0
15335,83602,23183,0
15336,67132,116529,0
15337,119272,100585,0
15338,9986,50778,0
15339,139699,153707,0
15340,16126,131516,0
15341,44140,21294,0
15342,17896,121377,0
15343,51328,109147,0
15344,80987,49996,0
15345,142785,14259,0
15346,8068,98772,0
15347,37286,117383,0
15348,94967,34990,0
15349,150987,44949,0
15350,116966,53856,0
15351,153789,144844,0
15352,140553,10282,0
15353,89546,147814,0
15354,45261,21417,0
15355,76758,3755,0
15356,40933,47001,0
15357,100347,10687,0
15358,82435,135388,0
15359,141768,74383,0
15360,119832,65762,0
15361,35803,100132,0
15362,102649,58177,0
15363,95482,15250,0
15364,68675,144984,0
15365,141214,66011,0
15366,13514,128824,0
15367,44125,20161,0
15368,121511,21867,0
15369,19123,145549,0
15370,63628,113271,0
15371,149315,99859,0
15372,43870,123515,0
15373,13871,101366,0
15374,81052,47757,0
15375,91164,79904,0
15376,48275,26807,0
15377,94317,103576,0
15378,89045,105244,0
15379,109153,6545,0
15380,39484,100176,0
15381,133766,135031,0
15382,11471,7623,0
15383,36171,85351,0
15384,40747,62918,0
15385,28452,127168,0
15386,34519,74987,0
15387,149964,114545,0
15388,27756,7734,0
15389,4520,145421,0
15390,138745,141505,0
15391,14828,43473,0
15392,22847,49653,0
15393,139800,31896,0
15394,148259,135008,0
15395,145382,872,0
15396,52288,118830,0
15397,91729,117183,0
15398,41463,25159,0
15399,120606,150168,0
15400,53812,91302,0
15401,58616,8370,0
15402,52180,107950,0
15403,130296,144004,0
15404,59720,86030,0
15405,65507,73493,0
15406,113976,94689,0
15407,7809,102502,0
15408,59952,86633,0
15409,94737,66539,0
15410,74315,125296,0
15411,83004,42300,0
15412,152799,154757,0
15413,38967,11240,0
15414,7854,119451,0
15415,97215,93409,0
15416,140501,56769,0
15417,20281,30900,0
15418,114461,35427,0
15419,56900,75408,0
15420,112233,105809,0
15421,90379,60949,0
15422,26326,24827,0
15423,149893,150988,0
15424,55931,100289,0
15425,27770,35130,0
15426,95715,142995,0
15427,131508,29478,0
15428,70030,147483,0
15429,118429,96141,0
15430,134757,145407,0
15431,9755,18289,0
15432,105397,67893,0
15433,88705,76278,0
15434,82257,150812,0
15435,144271,38480,0
15436,42556,119033,0
15437,124932,18280,0
15438,107107,119338,0
15439,24680,86124,0
15440,19813,111906,0
15441,6625,72840,0
15442,64418,48366,0
15443,94012,66687,0
15444,5900,100690,0
15445,33913,115492,0
15446,104198,86273,0
15447,39438,141231,0
15448,97440,94297,0
15449,59334,94587,0
15450,135215,41998,0
15451,144515,103342,0
15452,148135,131455,0
15453,8783,77669,0
15454,60791,91473,0
15455,47097,19811,0
15456,82209,138615,0
15457,8457,119855,0
15458,87056,112456,0
15459,38125,55318,0
15460,117568,86661,0
15461,22228,54716,0
15462,120985,143700,0
15463,14931,150214,0
15464,122505,124809,0
15465,22401,79577,0
15466,24973,37191,0
15467,36376,118207,0
15468,67450,74671,0
15469,2126,105376,0
15470,76329,91384,0
15471,112311,57306,0
15472,90739,154780,0
15473,148037,106672,0
15474,107866,26940,0
15475,5935,13887,0
15476,101590,154826,0
15477,116258,113162,0
15478,145869,104883,0
15479,37714,130190,0
15480,27056,147834,0
15481,33010,108981,0
15482,29941,25475,0
15483,34777,147253,0
15484,34789,136179,0
15485,87446,31591,0
15486,71786,114130,0
15487,37518,78643,0
15488,141553,25690,0
15489,149654,21245,0
15490,14320,51316,0
15491,48798,58640,0
15492,13395,82730,0
15493,33151,46954,0
15494,109589,53700,0
15495,116781,37542,0
15496,81191,6646,0
15497,123887,152031,0
15498,9694,64977,0
15499,56370,92995,0
15500,55332,144195,0
15501,62982,123808,0
15502,123686,151041,0
15503,13331,32343,0
15504,82584,6432,0
15505,103166,87644,0
15506,92123,6679,0
15507,36809,109417,0
15508,102092,61734,0
15509,109372,72912,0
15510,119614,49408,0
15511,29871,93114,0
15512,66666,154117,0
15513,72274,90549,0
15514,114915,72715,0
15515,121649,144444,0
15516,77536,17241,0
15517,92593,80958,0
15518,128151,137186,0
15519,58916,84522,0
15520,99122,105064,0
15521,8820,42922,0
15522,97853,87595,0
15523,122940,145234,0
15524,70584,6781,0
15525,6466,134775,0
15526,64920,16859,0
15527,100706,149740,0
15528,101271,152838,0
15529,115719,57086,0
15530,45389,154417,0
15531,33666,28064,0
15532,27379,54135,0
15533,43790,57217,0
15534,104558,106083,0
15535,11800,148829,0
15536,29985,1446,0
15537,145801,139089,0
15538,52349,27519,0
15539,79513,67945,0
15540,131982,127179,0
15541,134065,90187,0
15542,11888,77797,0
15543,63620,90557,0
15544,35342,50757,0
15545,4715,143443,0
15546,115374,9166,0
15547,126682,42033,0
15548,5821,150028,0
15549,23428,22327,0
15550,39326,154313,0
15551,43336,104408,0
15552,114460,96477,0
15553,8264,80758,0
15554,9736,101649,0
15555,106786,119654,0
15556,37909,112743,0
15557,67100,87012,0
15558,107283,90004,0
15559,40464,75640,0
15560,103227,87079,0
15561,41671,152345,0
15562,66517,85228,0
15563,66021,43439,0
15564,121855,11402,0
15565,12015,8980,0
15566,152011,94967,0
15567,91432,47080,0
15568,29422,65840,0
15569,52924,150184,0
15570,80274,58689,0
15571,141661,35711,0
15572,85475,19286,0
15573,71164,126080,0
15574,99456,50957,0
15575,57595,56833,0
15576,90278,5388,0
15577,1778,59692,0
15578,136505,64369,0
15579,97833,77718,0
15580,25263,132652,0
15581,32942,22496,0
15582,119536,135147,0
15583,102367,101425,0
15584,104880,92867,0
15585,69192,89777,0
15586,40631,8997,0
15587,113243,37811,0
15588,118349,43110,0
15589,98870,99713,0
15590,49947,25024,0
15591,59448,41016,0
15592,4903,112070,0
15593,151145,146385,0
15594,121184,127509,0
15595,49335,120864,0
15596,89724,129959,0
15597,105790,95631,0
15598,58146,123665,0
15599,42078,60834,0
15600,152293,1442,0
15601,65714,63385,0
15602,96616,134546,0
15603,144386,25133,0
15604,42013,116628,0
15605,84012,60178,0
15606,43363,140529,0
15607,274,82671,0
15608,107486,93197,0
15609,112281,136660,0
15610,128799,45381,0
15611,41769,61654,0
15612,140072,107200,0
15613,112829,20121,0
15614,60022,58367,0
15615,85685,68540,0
15616,128316,19949,0
15617,26577,71244,0
15618,71687,107228,0
15619,110758,31628,0
15620,146847,126155,0
15621,69066,125542,0
15622,97751,19482,0
15623,67544,6212,0
15624,46982,22975,0
15625,57563,6966,0
15626,108270,47345,0
15627,48266,139807,0
15628,24055,16323,0
15629,39587,151914,0
15630,113689,35975,0
15631,29839,154256,0
15632,41145,85792,0
15633,77287,50062,0
15634,15232,64286,0
15635,28596,29158,0
15636,139653,25703,0
15637,86199,42639,0
15638,149526,52776,0
15639,36563,68321,0
15640,75620,25060,0
15641,117702,114617,0
15642,90293,11920,0
15643,27437,68466,0
15644,109107,47646,0
15645,108439,108222,0
15646,151931,114445,0
15647,71290,144416,0
15648,16297,139132,0
15649,142196,52785,0
15650,57601,103886,0
15651,61179,128369,0
15652,5976,136410,0
15653,144641,16346,0
15654,59215,61861,0
15655,49879,13413,0
15656,147414,5848,0
15657,134533,102746,0
15658,103120,26077,0
15659,101709,78862,0
15660,148363,13671,0
15661,22613,98400,0
15662,65356,125665,0
15663,154994,20142,0
15664,5052,34431,0
15665,147104,150796,0
15666,21066,113240,0
15667,148379,80041,0
15668,118658,37057,0
15669,82994,90417,0
15670,65212,13736,0
15671,58482,74008,0
15672,57971,128930,0
15673,33546,89636,0
15674,113659,30867,0
15675,152247,30944,0
15676,89612,30453,0
15677,104890,142573,0
15678,88692,15054,0
15679,34428,16043,0
15680,139476,56311,0
15681,98164,111893,0
15682,19116,92677,0
15683,111993,8169,0
15684,126196,79890,0
15685,85688,72171,0
15686,28456,141782,0
15687,63095,42405,0
15688,78105,25337,0
15689,9071,148894,0
15690,98688,82868,0
15691,153817,77522,0
15692,56663,72999,0
15693,73719,153009,0
15694,148813,133585,0
15695,152637,39823,0
15696,153484,6009,0
15697,124117,21185,0
15698,34642,46377,0
15699,7976,145460,0
15700,151252,135068,0
15701,55644,149143,0
15702,101156,83930,0
15703,25781,77507,0
15704,53630,110082,0
15705,7148,152497,0
15706,83007,51000,0
15707,54143,134217,0
15708,14136,38603,0
15709,20777,118015,0
15710,78788,51555,0
15711,148414,72656,0
15712,15635,76190,0
15713,150636,153824,0
15714,54921,97321,0
15715,133917,144343,0
15716,18260,46555,0
15717,67046,95276,0
15718,91279,48105,0
15719,148610,134088,0
15720,29198,107869,0
15721,24623,86078,0
15722,36783,23666,0
15723,104979,77790,0
15724,74937,102447,0
15725,19586,93197,0
15726,29164,20587,0
15727,89611,100746,0
15728,60962,3774,0
15729,56976,12113,0
15730,55444,75069,0
15731,124716,25165,0
15732,130505,47363,0
15733,92480,33937,0
15734,108368,3230,0
15735,132175,13041,0
15736,55424,146465,0
15737,108232,121699,0
15738,23931,123274,0
15739,40517,136321,0
15740,98075,26751,0
15741,15349,19121,0
15742,52182,52578,0
15743,71337,59172,0
15744,46479,46668,0
15745,146711,55925,0
15746,125835,71751,0
15747,21889,150433,0
15748,23224,83213,0
15749,112136,86207,0
15750,15635,31266,0
15751,70085,147655,0
15752,10633,88440,0
15753,101437,121396,0
15754,80446,100451,0
15755,45079,39967,0
15756,103152,27494,0
15757,12349,127179,0
15758,126794,101036,0
15759,2246,136437,0
15760,75515,116263,0
15761,18858,115082,0
15762,7566,9565,0
15763,69886,139570,0
15764,40312,62570,0
15765,147989,104493,0
15766,26661,140152,0
15767,89271,145746,0
15768,98194,137363,0
15769,149856,134776,0
15770,2202,135407,0
15771,84437,125486,0
15772,73203,17924,0
15773,29931,154414,0
15774,4282,86761,0
15775,32752,36155,0
15776,39464,38195,0
15777,37303,122937,0
15778,46519,85614,0
15779,23623,120531,0
15780,51559,20998,0
15781,149619,53515,0
15782,26397,115104,0
15783,9874,52191,0
15784,1652,20771,0
15785,22180,59585,0
15786,21446,24556,0
15787,105589,142762,0
15788,42550,2613,0
15789,57319,129511,0
15790,61422,43624,0
15791,33540,1889,0
15792,114998,70979,0
15793,29901,155132,0
15794,114098,58845,0
15795,15261,73702,0
15796,104045,118014,0
15797,70661,60680,0
15798,130670,96895,0
15799,76042,99386,0
15800,83146,152014,0
15801,147719,122204,0
15802,8649,48985,0
15803,150067,125579,0
15804,69625,100130,0
15805,129476,118545,0
15806,88952,153522,0
15807,48207,49590,0
15808,26288,56462,0
15809,92732,64025,0
15810,135806,121128,0
15811,63392,94689,0
15812,1249,52977,0
15813,82859,33027,0
15814,11806,73071,0
15815,45594,50601,0
15816,56747,27387,0
15817,102457,91983,0
15818,63985,150215,0
15819,109652,19,0
15820,3014,147715,0
15821,140625,137122,0
15822,48429,85761,0
15823,116880,27797,0
15824,11241,23811,0
15825,24653,68765,0
15826,92654,126544,0
15827,47675,138502,0
15828,66871,150353,0
15829,67478,52901,0
15830,19168,134418,0
15831,115067,77383,0
15832,86041,90754,0
15833,23614,78188,0
15834,57619,71514,0
15835,126322,113510,0
15836,46137,146980,0
15837,80564,2680,0
15838,151787,86377,0
15839,75241,29477,0
15840,112145,118926,0
15841,111430,26631,0
15842,76791,131565,0
15843,93727,98365,0
15844,45679,22442,0
15845,19068,69782,0
15846,31408,62023,0
15847,89420,122810,0
15848,48289,13383,0
15849,1023,138245,0
15850,121145,90443,0
15851,120337,83626,0
15852,44067,2165,0
15853,46744,10101,0
15854,41276,61071,0
15855,23449,150722,0
15856,79962,44251,0
15857,114254,118746,0
15858,78197,59220,0
15859,138980,28585,0
15860,99114,100642,0
15861,128582,67969,0
15862,32453,62151,0
15863,30864,38806,0
15864,22321,79625,0
15865,89975,89366,0
15866,139121,140539,0
15867,140585,93723,0
15868,44272,77603,0
15869,52795,80237,0
15870,71390,60300,0
15871,6544,104190,0
15872,76275,127221,0
15873,94421,93096,0
15874,98414,70023,0
15875,145390,122089,0
15876,147735,74905,0
15877,72742,116072,0
15878,100547,52619,0
15879,109737,2856,0
15880,148005,113154,0
15881,149457,140440,0
15882,78119,120178,0
15883,149163,144595,0
15884,61083,17766,0
15885,87971,53825,0
15886,45416,150478,0
15887,81996,29866,0
15888,147864,67048,0
15889,142996,111346,0
15890,70089,23458,0
15891,107075,141051,0
15892,29451,92708,0
15893,136399,13066,0
15894,75835,115150,0
15895,102501,89939,0
15896,118548,65117,0
15897,61725,6636,0
15898,101266,118202,0
15899,7614,70905,0
15900,12700,111542,0
15901,147498,83770,0
15902,40702,112773,0
15903,75392,118703,0
15904,81883,118197,0
15905,14720,147553,0
15906,50898,67613,0
15907,42432,32579,0
15908,54719,149977,0
15909,9479,20255,0
15910,81654,56137,0
15911,97971,151536,0
15912,149050,58,0
15913,55401,37592,0
15914,27173,100168,0
15915,131907,66985,0
15916,4904,109551,0
15917,30568,83034,0
15918,84698,50983,0
15919,110014,119806,0
15920,97121,26707,0
15921,132605,48909,0
15922,30420,77201,0
15923,45151,97506,0
15924,115438,57139,0
15925,152237,73998,0
15926,56640,99153,0
15927,117414,86219,0
15928,147622,88884,0
15929,128998,154121,0
15930,22581,50671,0
15931,106595,127028,0
15932,81661,49150,0
15933,97455,77097,0
15934,66704,25275,0
15935,71435,45985,0
15936,138451,36969,0
15937,119745,83918,0
15938,146643,87273,0
15939,49706,967,0
15940,130022,26556,0
15941,119080,140059,0
15942,28982,73156,0
15943,79648,71460,0
15944,86623,71286,0
15945,10598,64337,0
15946,62628,120366,0
15947,57675,11426,0
15948,35951,148476,0
15949,95746,120410,0
15950,95361,11461,0
15951,148745,16258,0
15952,77484,79478,0
15953,146627,124044,0
15954,32258,86460,0
15955,80834,47977,0
15956,142269,63033,0
15957,125285,49846,0
15958,35035,52671,0
15959,134046,147219,0
15960,68181,67944,0
15961,82445,113209,0
15962,46037,38622,0
15963,73657,63306,0
15964,121175,44928,0
15965,144594,86338,0
15966,50245,154,0
15967,10551,129227,0
15968,40701,24718,0
15969,36215,46106,0
15970,145492,106320,0
15971,30947,127143,0
15972,101941,120390,0
15973,42412,29673,0
15974,41783,36004,0
15975,107117,58783,0
15976,54212,42930,0
15977,47800,50673,0
15978,87802,82050,0
15979,138831,41214,0
15980,6307,93380,0
15981,41375,26359,0
15982,15329,153255,0
15983,58165,63013,0
15984,93936,102275,0
15985,22892,28644,0
15986,47948,112968,0
15987,147446,123001,0
15988,45404,74904,0
15989,118055,99911,0
15990,31385,97123,0
15991,65552,140750,0
15992,32783,148738,0
15993,154149,117962,0
15994,19852,31811,0
15995,112905,110348,0
15996,43291,154732,0
15997,12577,24205,0
15998,152536,154581,0
15999,138170,105326,0
16000,87787,35276,0
16001,78418,111950,0
16002,145233,2226,0
16003,57477,68643,0
16004,123903,64948,0
16005,113143,768,0
16006,90571,124249,0
16007,31416,62690,0
16008,81917,29623,0
16009,72454,89302,0
16010,41790,147080,0
16011,46774,14866,0
16012,134490,116907,0
16013,87811,5607,0
16014,67938,109904,0
16015,149245,96648,0
16016,81661,75334,0
16017,78315,154161,0
16018,153434,43098,0
16019,28948,101281,0
16020,52827,93753,0
16021,1326,117972,0
16022,7244,51109,0
16023,45145,146306,0
16024,44998,144579,0
16025,47213,74290,0
16026,12004,146318,0
16027,97814,106086,0
16028,94432,137429,0
16029,133,61077,0
16030,13887,52626,0
16031,22257,22131,0
16032,144984,72958,0
16033,7707,51974,0
16034,78199,152896,0
16035,8300,154053,0
16036,67449,110512,0
16037,21993,31488,0
16038,143155,73002,0
16039,117727,68253,0
16040,98876,51991,0
16041,13736,57294,0
16042,92897,130956,0
16043,84953,26974,0
16044,111369,36173,0
16045,57025,28437,0
16046,2103,11020,0
16047,94373,93188,0
16048,76149,24974,0
16049,146839,106424,0
16050,87474,72964,0
16051,153413,104669,0
16052,61008,31460,0
16053,127374,62710,0
16054,115000,61898,0
16055,30278,70639,0
16056,89959,34996,0
16057,3426,105238,0
16058,41649,115887,0
16059,55194,15880,0
16060,103752,18300,0
16061,36591,74154,0
16062,7566,27841,0
16063,151264,19500,0
16064,78903,67343,0
16065,44691,134191,0
16066,49558,4838,0
16067,2605,63802,0
16068,8395,124655,0
16069,12066,51405,0
16070,91598,48346,0
16071,59140,17515,0
16072,89207,2889,0
16073,112128,82173,0
16074,75713,104473,0
16075,35392,83063,0
16076,33243,28263,0
16077,52782,105626,0
16078,129416,100671,0
16079,60103,106815,0
16080,27516,82157,0
16081,101844,81130,0
16082,75091,103315,0
16083,3779,8167,0
16084,20992,127515,0
16085,135977,140779,0
16086,5560,5380,0
16087,32015,100871,0
16088,49076,154600,0
16089,21218,132651,0
16090,142268,73671,0
16091,146036,80857,0
16092,105784,70470,0
16093,97115,152410,0
16094,84566,117623,0
16095,142703,26846,0
16096,80670,113946,0
16097,33076,139957,0
16098,117040,126043,0
16099,5699,141593,0
16100,27067,65493,0
16101,85463,83364,0
16102,94555,28740,0
16103,51951,128566,0
16104,49493,55738,0
16105,140050,65050,0
16106,111398,54920,0
16107,89455,56892,0
16108,49315,37273,0
16109,133932,5391,0
16110,133264,132885,0
16111,93829,111596,0
16112,80743,129232,0
16113,73624,69810,0
16114,88335,154422,0
16115,130236,17647,0
16116,140654,45742,0
16117,143130,23655,0
16118,61035,6059,0
16119,30157,98006,0
16120,127613,36368,0
16121,121598,26470,0
16122,11214,68974,0
16123,124381,88924,0
16124,4056,23203,0
16125,34050,38485,0
16126,53845,39125,0
16127,138423,40486,0
16128,18476,7689,0
16129,153855,155117,0
16130,118993,110210,0
16131,99191,47383,0
16132,114855,41890,0
16133,42151,103114,0
16134,2710,99638,0
16135,65969,40370,0
16136,138258,139363,0
16137,27849,107536,0
16138,121430,21414,0
16139,15527,16587,0
16140,42500,149038,0
16141,56685,147076,0
16142,57611,146921,0
16143,76651,123905,0
16144,49802,78744,0
16145,27014,98613,0
16146,1417,6331,0
16147,59034,14465,0
16148,110116,143897,0
16149,81084,132284,0
16150,142565,100635,0
16151,25331,17248,0
16152,94797,125333,0
16153,26535,106288,0
16154,104794,52789,0
16155,23159,6593,0
16156,77004,54476,0
16157,5305,40948,0
16158,100546,92602,0
16159,9878,126457,0
16160,49066,150736,0
16161,21420,7250,0
16162,32861,21019,0
16163,3187,99768,0
16164,145136,53061,0
16165,59703,7476,0
16166,59383,2953,0
16167,95092,40230,0
16168,120129,59203,0
16169,87813,102465,0
16170,45467,17426,0
16171,42553,137891,0
16172,101103,144390,0
16173,45535,138286,0
16174,43969,4509,0
16175,153353,60827,0
16176,30119,4963,0
16177,107809,97442,0
16178,142874,72084,0
16179,16462,86121,0
16180,101400,38853,0
16181,55943,129488,0
16182,106900,20385,0
16183,117251,102238,0
16184,146797,17067,0
16185,109088,119708,0
16186,108907,47404,0
16187,8106,19721,0
16188,148852,9639,0
16189,138448,68660,0
16190,59928,24651,0
16191,102550,124223,0
16192,104885,3115,0
16193,117520,147587,0
16194,85865,101340,0
16195,97938,116578,0
16196,61354,130481,0
16197,12917,113861,0
16198,85620,61891,0
16199,9566,97218,0
16200,11881,21920,0
16201,93936,144301,0
16202,118330,92894,0
16203,28732,145429,0
16204,64307,35487,0
16205,24851,82095,0
16206,115485,105736,0
16207,109789,127472,0
16208,110227,58290,0
16209,133498,96071,0
16210,80600,24047,0
16211,86845,78792,0
16212,32708,143581,0
16213,50461,39627,0
16214,150666,74257,0
16215,50256,28330,0
16216,113396,39411,0
16217,61326,56135,0
16218,74425,110849,0
16219,18260,19402,0
16220,31723,76247,0
16221,137526,34814,0
16222,82344,10145,0
16223,80174,88588,0
16224,109693,126717,0
16225,112179,28019,0
16226,152388,55630,0
16227,33137,104565,0
16228,115544,148890,0
16229,42093,147144,0
16230,13541,90408,0
16231,123851,130428,0
16232,28722,106851,0
16233,43046,142119,0
16234,7963,72067,0
16235,138358,152355,0
16236,152421,52877,0
16237,59147,38947,0
16238,48190,128235,0
16239,18824,130624,0
16240,112138,78856,0
16241,107370,20500,0
16242,21817,130908,0
16243,44124,130932,0
16244,41324,12728,0
16245,110610,120318,0
16246,105795,137730,0
16247,104954,57677,0
16248,119167,42920,0
16249,114605,109440,0
16250,63432,116653,0
16251,60734,38004,0
16252,51256,135880,0
16253,133551,59330,0
16254,151315,24929,0
16255,40076,85535,0
16256,122800,22607,0
16257,86916,145014,0
16258,109737,50144,0
16259,64714,81701,0
16260,133807,45704,0
16261,2494,31718,0
16262,134764,25275,0
16263,112501,149136,0
16264,134763,91929,0
16265,6034,150937,0
16266,117027,57683,0
16267,154571,114174,0
16268,25779,87335,0
16269,31422,131158,0
16270,154387,53116,0
16271,68649,15025,0
16272,152088,60310,0
16273,89136,146456,0
16274,5979,25483,0
16275,124312,79964,0
16276,142134,114295,0
16277,128070,14408,0
16278,147225,31045,0
16279,42775,105724,0
16280,50572,13310,0
16281,101591,146849,0
16282,114704,71,0
16283,107908,39107,0
16284,28317,77047,0
16285,89694,30446,0
16286,120449,53367,0
16287,144557,30319,0
16288,98184,17388,0
16289,95173,130325,0
16290,102735,134831,0
16291,33236,116549,0
16292,123498,124409,0
16293,81284,105670,0
16294,67348,22395,0
16295,63592,22080,0
16296,84951,99248,0
16297,92834,59861,0
16298,117396,111387,0
16299,135936,85485,0
16300,69319,152070,0
16301,18711,82431,0
16302,100298,116458,0
16303,35139,103432,0
16304,91299,136799,0
16305,75408,77513,0
16306,141152,4252,0
16307,93437,116024,0
16308,104320,119360,0
16309,148834,105978,0
16310,147506,19528,0
16311,7827,21318,0
16312,147503,108923,0
16313,3833,47008,0
16314,150366,46930,0
16315,67471,13398,0
16316,105100,66681,0
16317,92115,40236,0
16318,148976,100417,0
16319,151033,92345,0
16320,59016,148728,0
16321,80117,16322,0
16322,83853,147211,0
16323,42802,52593,0
16324,108656,125914,0
16325,15382,150825,0
16326,28176,146020,0
16327,32438,9188,0
16328,43530,98295,0
16329,29485,80860,0
16330,45597,115614,0
16331,139865,40898,0
16332,7914,145244,0
16333,81293,123657,0
16334,103872,142023,0
16335,93647,93259,0
16336,91670,146616,0
16337,8171,66859,0
16338,144524,52658,0
16339,22402,65837,0
16340,40436,91848,0
16341,87876,102237,0
16342,40251,141339,0
16343,148627,31219,0
16344,13760,80446,0
16345,11553,97616,0
16346,44445,32985,0
16347,88575,29524,0
16348,108375,117683,0
16349,56508,120594,0
16350,128508,30854,0
16351,40740,150242,0
16352,39231,70704,0
16353,18850,2993,0
16354,62923,10110,0
16355,56548,118733,0
16356,121802,150034,0
16357,2950,63641,0
16358,140367,244,0
16359,122479,53599,0
16360,100797,76664,0
16361,21627,153913,0
16362,52470,136562,0
16363,87778,29253,0
16364,45502,81176,0
16365,86427,9370,0
16366,151634,72829,0
16367,109407,66539,0
16368,141079,150539,0
16369,92226,40538,0
16370,143749,52805,0
16371,27973,2734,0
16372,84506,38848,0
16373,87333,92270,0
16374,5535,134594,0
16375,125567,139928,0
16376,99048,87488,0
16377,22089,35935,0
16378,41685,4282,0
16379,36325,125015,0
16380,35769,21548,0
16381,47608,1445,0
16382,102266,2455,0
16383,96734,103069,0
16384,124061,141655,0
16385,123634,47701,0
16386,40688,142127,0
16387,44362,154912,0
16388,80076,50730,0
16389,17141,146667,0
16390,141275,39857,0
16391,122816,39922,0
16392,144553,16899,0
16393,114649,147269,0
16394,77332,84585,0
16395,112766,46436,0
16396,54408,47254,0
16397,90696,44488,0
16398,7440,45536,0
16399,61672,84663,0
16400,90664,9552,0
16401,113268,102850,0
16402,8188,94502,0
16403,135237,124699,0
16404,82646,27050,0
16405,82907,128481,0
16406,108608,46210,0
16407,109962,130504,0
16408,20663,50934,0
16409,115737,147252,0
16410,131081,20561,0
16411,113272,8466,0
16412,81873,11129,0
16413,32969,100118,0
16414,148679,121955,0
16415,183,130443,0
16416,141055,3897,0
16417,127100,100451,0
16418,151590,130546,0
16419,81759,25407,0
16420,120180,56062,0
16421,27889,124338,0
16422,36104,143440,0
16423,45187,2609,0
16424,148016,128174,0
16425,126354,49853,0
16426,152536,76039,0
16427,19898,70490,0
16428,105507,126201,0
16429,135729,22577,0
16430,103103,2709,0
16431,68178,150897,0
16432,38978,154106,0
16433,90160,23650,0
16434,80908,105624,0
16435,53638,41883,0
16436,71744,67099,0
16437,91323,133799,0
16438,17241,10711,0
16439,155104,12897,0
16440,75837,67069,0
16441,67254,110053,0
16442,102106,148250,0
16443,51006,65853,0
16444,93184,27936,0
16445,96464,87450,0
16446,144204,102476,0
16447,14001,2290,0
16448,103228,67476,0
16449,111351,2437,0
16450,49253,73716,0
16451,128673,14421,0
16452,54208,40710,0
16453,39248,83786,0
16454,100023,75524,0
16455,46585,66467,0
16456,137059,47765,0
16457,110309,136001,0
16458,113499,132937,0
16459,36829,154982,0
16460,91915,89237,0
16461,28690,96726,0
16462,1014,148152,0
16463,33826,47874,0
16464,70048,74947,0
16465,106488,151208,0
16466,26139,7066,0
16467,76686,148478,0
16468,3422,39839,0
16469,84185,85928,0
16470,8074,153436,0
16471,94215,143228,0
16472,2667,117990,0
16473,86992,152628,0
16474,146487,74468,0
16475,139385,4660,0
16476,45541,110495,0
16477,150192,145713,0
16478,30384,34559,0
16479,31548,150253,0
16480,133052,72480,0
16481,80523,93627,0
16482,3550,24615,0
16483,8098,128244,0
16484,67766,109785,0
16485,151338,61885,0
16486,97541,70963,0
16487,49246,105537,0
16488,126791,43426,0
16489,50538,131532,0
16490,133058,138407,0
16491,36640,88306,0
16492,28402,133868,0
16493,21478,62799,0
16494,7618,45842,0
16495,7686,106805,0
16496,108191,51145,0
16497,91400,38779,0
16498,130086,13983,0
16499,116160,7962,0
16500,151838,26476,0
16501,40412,129912,0
16502,105695,109034,0
16503,22530,39459,0
16504,49694,28123,0
16505,132007,144833,0
16506,47265,43921,0
16507,69799,43950,0
16508,66943,132094,0
16509,36253,51099,0
16510,154747,45396,0
16511,135026,98525,0
16512,13126,70678,0
16513,5353,111105,0
16514,96174,150133,0
16515,101814,134947,0
16516,4563,136978,0
16517,154098,153890,0
16518,104549,102900,0
16519,7416,108963,0
16520,26840,20988,0
16521,136165,40175,0
16522,30073,66956,0
16523,99259,45784,0
16524,75993,84780,0
16525,84004,75629,0
16526,93043,88198,0
16527,3732,57476,0
16528,112237,5437,0
16529,12868,132293,0
16530,117490,95010,0
16531,113495,3901,0
16532,110187,116497,0
16533,53044,136732,0
16534,18757,69447,0
16535,113875,70395,0
16536,120147,111599,0
16537,21558,51412,0
16538,25409,4384,0
16539,100077,71126,0
16540,72686,79335,0
16541,141452,57938,0
16542,20433,55953,0
16543,138897,45394,0
16544,148103,122687,0
16545,78430,38759,0
16546,42896,148757,0
16547,58083,50347,0
16548,29599,138388,0
16549,27225,68742,0
16550,23604,74564,0
16551,141859,126098,0
16552,150711,8689,0
16553,63318,31286,0
16554,13954,12865,0
16555,29350,149072,0
16556,98099,143447,0
16557,74992,99079,0
16558,48888,114028,0
16559,57865,23011,0
16560,117736,25634,0
16561,2915,110514,0
16562,78007,31796,0
16563,124860,82003,0
16564,12513,138635,0
16565,100363,79953,0
16566,145801,119644,0
16567,140459,152436,0
16568,113467,81659,0
16569,124869,96546,0
16570,72940,151435,0
16571,15732,103226,0
16572,82761,23701,0
16573,114967,80868,0
16574,17623,145071,0
16575,123577,32031,0
16576,12941,82785,0
16577,146797,99054,0
16578,153451,9834,0
16579,97233,137730,0
16580,38898,27068,0
16581,99199,24887,0
16582,125822,74270,0
16583,69095,51868,0
16584,31443,7130,0
16585,115210,7417,0
16586,114260,24064,0
16587,54527,87639,0
16588,51561,36112,0
16589,92294,91738,0
16590,108537,84952,0
16591,141065,98789,0
16592,148177,36683,0
16593,59162,29547,0
16594,58712,136685,0
16595,149256,11415,0
16596,126046,5092,0
16597,45019,133399,0
16598,77525,118741,0
16599,18276,30155,0
16600,27927,29099,0
16601,66071,29807,0
16602,76018,105835,0
16603,45843,103643,0
16604,83819,119840,0
16605,119599,55089,0
16606,106238,79170,0
16607,12312,91236,0
16608,139643,4354,0
16609,96084,62142,0
16610,100133,53195,0
16611,123818,140284,0
16612,135664,83792,0
16613,16290,147266,0
16614,124348,136964,0
16615,82804,81461,0
16616,93390,40083,0
16617,68801,68121,0
16618,108915,26186,0
16619,51062,46260,0
16620,78386,95990,0
16621,89476,61473,0
16622,108564,60124,0
16623,142831,27009,0
16624,20674,138705,0
16625,60035,53832,0
16626,37153,10273,0
16627,57329,125190,0
16628,147632,54490,0
16629,36623,32842,0
16630,11656,67143,0
16631,145204,104445,0
16632,68063,3924,0
16633,27140,71598,0
16634,36305,82605,0
16635,126497,126266,0
16636,63422,50503,0
16637,39837,147277,0
16638,45345,152394,0
16639,83487,139787,0
16640,41624,111843,0
16641,62163,134819,0
16642,141582,5401,0
16643,38905,52093,0
16644,60116,145559,0
16645,22050,63085,0
16646,153157,137147,0
16647,122441,19289,0
16648,28227,78922,0
16649,51850,1923,0
16650,94321,9178,0
16651,125843,68156,0
16652,46987,76726,0
16653,29897,80013,0
16654,102056,132636,0
16655,65940,147903,0
16656,78341,76283,0
16657,6910,121717,0
16658,122740,151428,0
16659,53555,93451,0
16660,43667,37514,0
16661,113327,27334,0
16662,39117,129669,0
16663,53915,75150,0
16664,58557,49494,0
16665,135858,65837,0
16666,43893,112053,0
16667,49487,126557,0
16668,90896,88039,0
16669,99429,26094,0
16670,44927,149750,0
16671,107764,151117,0
16672,104400,99333,0
16673,10618,58380,0
16674,18008,126608,0
16675,135958,32427,0
16676,31394,56671,0
16677,142798,128741,0
16678,127436,79854,0
16679,96844,111903,0
16680,50279,109571,0
16681,49852,145218,0
16682,116306,78857,0
16683,28374,150981,0
16684,35031,118197,0
16685,115548,10260,0
16686,44853,50613,0
16687,151114,28515,0
16688,36376,91214,0
16689,116893,13569,0
16690,154320,144121,0
16691,71707,141554,0
16692,119163,85890,0
16693,153395,11213,0
16694,69101,7161,0
16695,113933,10044,0
16696,139272,112635,0
16697,89881,55171,0
16698,21862,122753,0
16699,1168,69966,0
16700,96156,142654,0
16701,71957,9810,0
16702,95607,153150,0
16703,46187,74621,0
16704,16461,73663,0
16705,6775,132761,0
16706,152324,75719,0
16707,108119,150529,0
16708,94096,84971,0
16709,80430,153850,0
16710,17371,30305,0
16711,89510,6851,0
16712,78019,87097,0
16713,66802,75408,0
16714,45240,97572,0
16715,29116,26923,0
16716,80713,16716,0
16717,47885,18447,0
16718,52946,63621,0
16719,37077,75663,0
16720,41302,12314,0
16721,32038,113024,0
16722,32404,98942,0
16723,108771,121575,0
16724,67302,109418,0
16725,146365,100441,0
16726,2291,12528,0
16727,141152,86206,0
16728,84127,77805,0
16729,5611,125469,0
16730,8709,29043,0
16731,39864,142351,0
16732,121597,83496,0
16733,91600,21909,0
16734,40539,19911,0
16735,47098,57357,0
16736,140021,26103,0
16737,152655,34152,0
16738,21276,117035,0
16739,61901,135243,0
16740,121769,17116,0
16741,25289,129487,0
16742,116820,26141,0
16743,41901,58874,0
16744,60882,148445,0
16745,91405,54106,0
16746,134506,12108,0
16747,25384,46382,0
16748,20047,146582,0
16749,50345,517,0
16750,65972,98713,0
16751,705,151601,0
16752,116379,142512,0
16753,60510,58961,0
16754,42143,125715,0
16755,2733,8495,0
16756,108783,76455,0
16757,103846,76671,0
16758,69916,33378,0
16759,25388,60445,0
16760,18320,41614,0
16761,50151,36393,0
16762,79091,12552,0
16763,138216,134298,0
16764,17255,65340,0
16765,154777,118430,0
16766,119890,22880,0
16767,7646,130070,0
16768,130294,78415,0
16769,12591,134868,0
16770,108550,75106,0
16771,77068,40176,0
16772,42877,138263,0
16773,112269,15874,0
16774,146368,62207,0
16775,59622,133311,0
16776,130065,23456,0
16777,50760,153216,0
16778,98647,5485,0
16779,83981,92294,0
16780,87603,153891,0
16781,110199,76419,0
16782,146111,111603,0
16783,116231,92104,0
16784,502,108431,0
16785,118360,142696,0
16786,110963,94981,0
16787,31713,54696,0
16788,13805,86103,0
16789,113337,142352,0
16790,74066,99137,0
16791,61040,124146,0
16792,141511,67805,0
16793,8721,115999,0
16794,81149,80193,0
16795,15738,49755,0
16796,30619,144821,0
16797,103806,59877,0
16798,43562,93915,0
16799,116059,77281,0
16800,45131,8068,0
16801,96151,101139,0
16802,116558,43412,0
16803,137264,92215,0
16804,45462,95344,0
16805,107575,132488,0
16806,121930,97744,0
16807,39489,72717,0
16808,50555,75319,0
16809,116296,90447,0
16810,125733,66607,0
16811,149535,121881,0
16812,130198,94927,0
16813,129430,146727,0
16814,59150,89474,0
16815,97790,30158,0
16816,57697,112678,0
16817,5282,117943,0
16818,1984,127672,0
16819,82044,105323,0
16820,46753,49934,0
16821,83861,124452,0
16822,89584,12451,0
16823,131435,76801,0
16824,52707,78813,0
16825,132088,146161,0
16826,71937,25674,0
16827,138948,98030,0
16828,45111,134099,0
16829,51571,71465,0
16830,61025,31914,0
16831,124317,66000,0
16832,61627,128595,0
16833,62888,144663,0
16834,54484,111076,0
16835,124232,18452,0
16836,63986,52608,0
16837,117135,101380,0
16838,99495,74912,0
16839,106481,53093,0
16840,27258,35709,0
16841,43702,31184,0
16842,34209,71003,0
16843,82919,37342,0
16844,30374,78832,0
16845,38855,130740,0
16846,130249,22757,0
16847,149096,57627,0
16848,153202,44256,0
16849,139709,57578,0
16850,78799,28320,0
16851,152817,123825,0
16852,101016,14565,0
16853,130482,60174,0
16854,115553,103293,0
16855,41886,27036,0
16856,93515,139234,0
16857,126896,152314,0
16858,17239,75938,0
16859,47725,4450,0
16860,129265,61024,0
16861,819,48966,0
16862,124866,115960,0
16863,99023,117502,0
16864,105633,78863,0
16865,149140,91884,0
16866,129507,89485,0
16867,28016,69600,0
16868,57601,61516,0
16869,40841,17655,0
16870,82917,15519,0
16871,13076,137405,0
16872,65198,71200,0
16873,145267,110463,0
16874,92393,148656,0
16875,139636,47989,0
16876,101327,137588,0
16877,59796,115078,0
16878,78467,13491,0
16879,70677,60829,0
16880,11590,124633,0
16881,88380,92236,0
16882,149204,142284,0
16883,126662,110011,0
16884,140378,53506,0
16885,52067,29842,0
16886,19276,126441,0
16887,154532,142466,0
16888,70111,144443,0
16889,146709,83117,0
16890,39079,77156,0
16891,482,18252,0
16892,2168,43652,0
16893,41745,152873,0
16894,19502,142622,0
16895,113396,59858,0
16896,51738,123603,0
16897,4356,94233,0
16898,28555,63987,0
16899,113842,12104,0
16900,104914,138743,0
16901,44555,32318,0
16902,135768,128355,0
16903,69680,108887,0
16904,147679,6799,0
16905,121780,71989,0
16906,125452,13938,0
16907,35,1093,0
16908,128670,98822,0
16909,22076,127630,0
16910,31719,63980,0
16911,10599,74331,0
16912,119442,33582,0
16913,122986,124349,0
16914,146622,27520,0
16915,32050,77571,0
16916,92567,145945,0
16917,767,60169,0
16918,77326,12822,0
16919,150545,15083,0
16920,53933,89496,0
16921,37020,136006,0
16922,92988,58658,0
16923,58435,29127,0
16924,123639,145666,0
16925,50322,2868,0
16926,15545,98932,0
16927,89603,41118,0
16928,16419,73611,0
16929,102357,92051,0
16930,132424,4555,0
16931,6487,90317,0
16932,12912,48755,0
16933,138597,142575,0
16934,138667,109763,0
16935,35092,117283,0
16936,37058,115359,0
16937,39814,135559,0
16938,77517,60559,0
16939,138066,76303,0
16940,84973,65768,0
16941,102870,129045,0
16942,89502,2081,0
16943,12900,44089,0
16944,10917,148701,0
16945,151166,82913,0
16946,45289,151435,0
16947,136051,111401,0
16948,32969,16266,0
16949,102152,141886,0
16950,44449,57001,0
16951,116398,44306,0
16952,86005,94466,0
16953,19368,48148,0
16954,54875,110655,0
16955,2694,137549,0
16956,54980,140093,0
16957,116176,49615,0
16958,54660,94482,0
16959,80460,54382,0
16960,138256,149086,0
16961,38573,107571,0
16962,53809,79727,0
16963,96086,138105,0
16964,87107,74230,0
16965,127675,29756,0
16966,3365,18799,0
16967,124141,105064,0
16968,149920,33656,0
16969,101788,20753,0
16970,22228,53346,0
16971,124617,13110,0
16972,107460,73414,0
16973,144254,85378,0
16974,116296,49163,0
16975,15361,46881,0
16976,137564,140851,0
16977,143989,140244,0
16978,3302,47041,0
16979,31298,33876,0
16980,40495,25522,0
16981,53328,150511,0
16982,82772,101361,0
16983,98345,49568,0
16984,60749,85771,0
16985,65943,17420,0
16986,11485,105824,0
16987,66968,73292,0
16988,65806,149903,0
16989,32244,127678,0
16990,76636,149991,0
16991,117374,93474,0
16992,41221,139692,0
16993,99793,49622,0
16994,117934,8593,0
16995,130198,28985,0
16996,23032,99356,0
16997,83440,92172,0
16998,139295,63933,0
16999,5780,38632,0
17000,140542,122072,0
17001,139960,108942,0
17002,120375,31354,0
17003,105549,128674,0
17004,20154,93812,0
17005,55332,100148,0
17006,29281,63062,0
17007,12176,128425,0
17008,75514,34473,0
17009,132039,133153,0
17010,71037,147116,0
17011,47567,25879,0
17012,134258,13660,0
17013,20711,63656,0
17014,39235,38278,0
17015,111253,131222,0
17016,69183,149992,0
17017,88029,24421,0
17018,146183,56029,0
17019,46495,48072,0
17020,99505,80305,0
17021,57372,71548,0
17022,35648,83857,0
17023,13679,92204,0
17024,106130,81821,0
17025,154509,24955,0
17026,87483,26555,0
17027,149688,30085,0
17028,12880,49795,0
17029,91821,58007,0
17030,137668,63632,0
17031,49907,15214,0
17032,80549,55240,0
17033,6317,41194,0
17034,93979,88286,0
17035,99395,45384,0
17036,77241,63345,0
17037,106430,8752,0
17038,152479,16416,0
17039,94543,5160,0
17040,149422,70081,0
17041,5985,16882,0
17042,92246,149715,0
17043,20123,146951,0
17044,145946,39910,0
17045,9442,153550,0
17046,101814,63252,0
17047,19015,14890,0
17048,33899,15322,0
17049,142196,19761,0
17050,152821,9850,0
17051,151662,26231,0
17052,116648,19744,0
17053,112934,29259,0
17054,96464,124572,0
17055,41958,90443,0
17056,1975,14517,0
17057,152545,33148,0
17058,143848,115600,0
17059,148794,26213,0
17060,123068,135626,0
17061,145667,130218,0
17062,20,130105,0
17063,122468,147422,0
17064,55169,6387,0
17065,3480,89905,0
17066,142681,151760,0
17067,32794,114334,0
17068,11265,51683,0
17069,100304,130338,0
17070,95042,141350,0
17071,125205,154072,0
17072,5529,120987,0
17073,43519,46166,0
17074,129430,42670,0
17075,96383,82042,0
17076,59345,88250,0
17077,56704,149385,0
17078,118464,13413,0
17079,48520,60158,0
17080,65411,134284,0
17081,5305,98213,0
17082,24341,1531,0
17083,31618,69025,0
17084,137155,81723,0
17085,137507,35704,0
17086,126198,148210,0
17087,124724,117769,0
17088,105210,135887,0
17089,74003,154159,0
17090,94561,96753,0
17091,33693,106463,0
17092,59983,63595,0
17093,80254,10477,0
17094,97262,115506,0
17095,122893,105090,0
17096,19657,38660,0
17097,111716,40135,0
17098,107773,2360,0
17099,66545,72875,0
17100,116215,109635,0
17101,152653,45952,0
17102,8834,69472,0
17103,119200,75634,0
17104,80358,85931,0
17105,14162,149329,0
17106,84072,122043,0
17107,76606,4324,0
17108,54857,127156,0
17109,40464,48422,0
17110,117980,20548,0
17111,63367,74181,0
17112,119020,93899,0
17113,76189,87095,0
17114,110055,81154,0
17115,142135,127794,0
17116,92987,122301,0
17117,94871,109160,0
17118,14405,58736,0
17119,65864,50783,0
17120,102820,12044,0
17121,98357,101315,0
17122,100906,4306,0
17123,50806,112522,0
17124,33940,150261,0
17125,73848,13562,0
17126,41448,128344,0
17127,23890,30109,0
17128,85805,62917,0
17129,66874,154191,0
17130,64349,152234,0
17131,114699,17353,0
17132,44926,113900,0
17133,86307,125828,0
17134,142805,19658,0
17135,83703,123694,0
17136,57607,123530,0
17137,100075,139101,0
17138,25015,35545,0
17139,46824,133057,0
17140,133932,41194,0
17141,29707,122635,0
17142,109324,51921,0
17143,119420,44440,0
17144,148599,83554,0
17145,93624,14648,0
17146,34083,34633,0
17147,117875,152570,0
17148,70270,30591,0
17149,103222,125827,0
17150,55011,69599,0
17151,55883,10724,0
17152,71809,29958,0
17153,100516,15571,0
17154,92003,106616,0
17155,36419,19548,0
17156,140525,87634,0
17157,142823,152048,0
17158,57244,123149,0
17159,8939,125479,0
17160,137916,155146,0
17161,8765,52262,0
17162,55038,62798,0
17163,123450,81705,0
17164,96800,102333,0
17165,87207,7250,0
17166,22248,19941,0
17167,15955,118371,0
17168,6104,949,0
17169,32303,113799,0
17170,39038,105747,0
17171,18577,54250,0
17172,109329,94841,0
17173,38949,115945,0
17174,63962,149798,0
17175,149237,65029,0
17176,131904,140389,0
17177,14400,77110,0
17178,123275,26946,0
17179,153042,122350,0
17180,30252,135115,0
17181,6947,65471,0
17182,121235,146053,0
17183,118718,94473,0
17184,112670,13598,0
17185,137629,140507,0
17186,56088,109405,0
17187,88694,139498,0
17188,128063,130619,0
17189,1944,35685,0
17190,112601,119655,0
17191,34311,54464,0
17192,46690,115140,0
17193,20802,150609,0
17194,98092,82622,0
17195,4552,134080,0
17196,107526,87302,0
17197,147779,142309,0
17198,72594,14872,0
17199,145712,141610,0
17200,92014,109134,0
17201,24839,82270,0
17202,46799,121467,0
17203,118758,83458,0
17204,124012,38349,0
17205,121237,87657,0
17206,154532,128103,0
17207,36200,96291,0
17208,117376,135229,0
17209,121853,86460,0
17210,10543,102759,0
17211,96204,61606,0
17212,37794,121589,0
17213,53190,119204,0
17214,105669,10191,0
17215,118657,454,0
17216,121627,151223,0
17217,143705,48805,0
17218,57964,148582,0
17219,35890,33386,0
17220,64482,144540,0
17221,62067,50031,0
17222,3795,143080,0
17223,32736,117078,0
17224,112763,78407,0
17225,151925,74545,0
17226,2319,45028,0
17227,100218,121321,0
17228,10286,39034,0
17229,16156,137729,0
17230,10929,27141,0
17231,18482,152005,0
17232,112879,20060,0
17233,93086,152402,0
17234,148621,130109,0
17235,145720,63442,0
17236,20434,39878,0
17237,26037,101527,0
17238,76484,1913,0
17239,70039,98785,0
17240,75657,44363,0
17241,50350,56547,0
17242,135143,40610,0
17243,81578,19017,0
17244,89062,150703,0
17245,45351,41728,0
17246,144519,131326,0
17247,55890,11322,0
17248,114972,95206,0
17249,96209,87960,0
17250,11045,29612,0
17251,68185,27761,0
17252,113949,151641,0
17253,29819,3355,0
17254,6912,67281,0
17255,138334,64704,0
17256,58172,3657,0
17257,102040,43167,0
17258,43528,97423,0
17259,87301,94247,0
17260,148436,87751,0
17261,39313,150396,0
17262,92331,10653,0
17263,88249,50969,0
17264,115931,93231,0
17265,37371,30135,0
17266,7931,95769,0
17267,66549,153916,0
17268,10919,93662,0
17269,130126,122097,0
17270,139490,126864,0
17271,129067,81142,0
17272,136517,118467,0
17273,6452,8729,0
17274,3264,56151,0
17275,75713,110983,0
17276,57601,47915,0
17277,98471,128489,0
17278,44338,127401,0
17279,46631,76178,0
17280,118219,22277,0
17281,24060,30539,0
17282,74182,110070,0
17283,123963,9956,0
17284,146519,113701,0
17285,4925,86614,0
17286,144954,68702,0
17287,135368,126835,0
17288,29530,86904,0
17289,138523,93476,0
17290,45332,14211,0
17291,66770,62730,0
17292,144048,14228,0
17293,152034,23816,0
17294,143819,6905,0
17295,5052,23050,0
17296,53777,80515,0
17297,119739,32125,0
17298,54248,8233,0
17299,24562,61137,0
17300,15841,134174,0
17301,85565,17903,0
17302,120412,30285,0
17303,123459,106109,0
17304,75029,80127,0
17305,113545,111305,0
17306,90824,129365,0
17307,43069,100216,0
17308,79707,147045,0
17309,22448,141329,0
17310,35636,147522,0
17311,136505,89765,0
17312,100382,132614,0
17313,133161,23596,0
17314,102074,96428,0
17315,141640,94046,0
17316,77731,123672,0
17317,134763,129003,0
17318,63783,1510,0
17319,47393,47985,0
17320,94994,130645,0
17321,47147,71058,0
17322,57253,102197,0
17323,87643,121317,0
17324,136850,19098,0
17325,40184,129235,0
17326,107974,115389,0
17327,102285,10224,0
17328,134832,85370,0
17329,125741,152694,0
17330,149557,123366,0
17331,34454,118687,0
17332,15140,91985,0
17333,72433,52890,0
17334,136902,49634,0
17335,33279,25413,0
17336,140694,38440,0
17337,100222,680,0
17338,104716,114228,0
17339,74198,67703,0
17340,133944,142226,0
17341,129841,23394,0
17342,58215,42165,0
17343,105756,55764,0
17344,49980,64321,0
17345,93289,100840,0
17346,114922,59259,0
17347,81290,120448,0
17348,33337,113883,0
17349,117190,3274,0
17350,96464,150687,0
17351,137720,83245,0
17352,150815,105729,0
17353,8142,113408,0
17354,98071,152358,0
17355,90283,151965,0
17356,78304,144148,0
17357,100343,96621,0
17358,129457,35220,0
17359,87522,102477,0
17360,53102,13267,0
17361,142113,60618,0
17362,99787,66225,0
17363,111667,23792,0
17364,132750,58871,0
17365,79176,129053,0
17366,131530,67863,0
17367,32944,88155,0
17368,13843,137785,0
17369,120198,45456,0
17370,29968,85448,0
17371,52728,124453,0
17372,99516,132087,0
17373,125589,63127,0
17374,138660,13825,0
17375,99476,95963,0
17376,152251,94382,0
17377,1832,12452,0
17378,86985,14415,0
17379,140412,17902,0
17380,18816,76618,0
17381,13908,69841,0
17382,21163,15767,0
17383,140406,121132,0
17384,121464,119328,0
17385,75664,90206,0
17386,77253,37263,0
17387,154817,4381,0
17388,69247,57976,0
17389,40163,36968,0
17390,69207,24943,0
17391,10898,36997,0
17392,56230,34610,0
17393,136725,9567,0
17394,36203,55587,0
17395,38978,124267,0
17396,22248,114187,0
17397,143291,98917,0
17398,7662,84458,0
17399,10104,50366,0
17400,28453,105846,0
17401,133280,18060,0
17402,119646,147046,0
17403,112904,98449,0
17404,56204,134937,0
17405,102450,16780,0
17406,53962,144566,0
17407,81228,72257,0
17408,153691,141752,0
17409,71037,152836,0
17410,8546,36168,0
17411,71468,134575,0
17412,13976,44678,0
17413,106929,8611,0
17414,92974,85023,0
17415,89321,91676,0
17416,56214,94323,0
17417,125510,56916,0
17418,67348,54002,0
17419,44301,137799,0
17420,10851,94006,0
17421,5668,152502,0
17422,112567,142473,0
17423,69380,105763,0
17424,18727,103434,0
17425,123712,50986,0
17426,21037,27627,0
17427,115965,155012,0
17428,112609,48810,0
17429,48473,103235,0
17430,102650,46732,0
17431,50359,64407,0
17432,32536,44441,0
17433,4929,20833,0
17434,47496,7004,0
17435,27715,96949,0
17436,34077,123679,0
17437,122981,119112,0
17438,112218,125333,0
17439,97475,57303,0
17440,124034,65899,0
17441,144876,88400,0
17442,147558,134900,0
17443,51722,56669,0
17444,133653,48221,0
17445,1439,28309,0
17446,117805,127884,0
17447,17607,141468,0
17448,128081,20218,0
17449,31191,82514,0
17450,117497,9962,0
17451,134079,34811,0
17452,133582,71827,0
17453,64154,153199,0
17454,136637,11630,0
17455,82762,108332,0
17456,103776,91953,0
17457,106258,123218,0
17458,16553,27381,0
17459,46249,150469,0
17460,144342,132281,0
17461,154527,64622,0
17462,146225,60333,0
17463,2229,39802,0
17464,62833,115392,0
17465,114570,121672,0
17466,114845,34033,0
17467,53904,112251,0
17468,153397,61798,0
17469,75551,106326,0
17470,152197,140888,0
17471,112134,128,0
17472,12669,29057,0
17473,2159,91612,0
17474,138074,151874,0
17475,25837,148829,0
17476,26337,53588,0
17477,6402,148183,0
17478,42456,102723,0
17479,16065,133915,0
17480,29404,108073,0
17481,50060,39580,0
17482,131981,7995,0
17483,88754,117325,0
17484,33118,107812,0
17485,138426,16294,0
17486,78572,40423,0
17487,133899,32245,0
17488,119333,118129,0
17489,145282,30887,0
17490,5984,7833,0
17491,97328,112751,0
17492,148802,114021,0
17493,106009,39848,0
17494,44125,7287,0
17495,70487,16677,0
17496,75010,857,0
17497,28420,147523,0
17498,118626,35367,0
17499,44485,87890,0
17500,121292,27004,0
17501,4584,50608,0
17502,103019,141121,0
17503,44100,60335,0
17504,138144,114969,0
17505,153542,103642,0
17506,47965,41068,0
17507,71999,43896,0
17508,37156,70549,0
17509,136012,82798,0
17510,3069,1775,0
17511,104500,12219,0
17512,20495,112265,0
17513,52322,153328,0
17514,93523,8228,0
17515,128427,38078,0
17516,135663,2876,0
17517,21252,16102,0
17518,37565,48341,0
17519,26569,70624,0
17520,82725,14979,0
17521,8920,43874,0
17522,98460,50276,0
17523,95549,130392,0
17524,54072,78864,0
17525,49777,52353,0
17526,139292,41692,0
17527,44463,106437,0
17528,111198,49654,0
17529,130696,39610,0
17530,113006,27777,0
17531,69685,134688,0
17532,104122,137611,0
17533,54829,128714,0
17534,17038,106261,0
17535,96163,122553,0
17536,131679,42722,0
17537,77856,72009,0
17538,80720,4799,0
17539,77731,95679,0
17540,152727,139718,0
17541,69474,110689,0
17542,21427,155061,0
17543,45644,120669,0
17544,103101,2490,0
17545,143029,120770,0
17546,12471,107185,0
17547,66438,125646,0
17548,11916,119136,0
17549,108131,124721,0
17550,103781,138464,0
17551,23726,108699,0
17552,126539,34536,0
17553,94663,42057,0
17554,138160,84753,0
17555,116442,32571,0
17556,11829,13490,0
17557,29521,91042,0
17558,90130,85512,0
17559,141690,114836,0
17560,125508,140781,0
17561,50649,134897,0
17562,42806,78223,0
17563,61475,131065,0
17564,6945,46371,0
17565,23874,85054,0
17566,55510,47855,0
17567,97563,69807,0
17568,16094,108470,0
17569,90051,36668,0
17570,34180,84659,0
17571,83507,142454,0
17572,70403,45316,0
17573,91454,125514,0
17574,149362,126594,0
17575,24013,84965,0
17576,123385,48859,0
17577,87219,60998,0
17578,88386,5846,0
17579,49066,31466,0
17580,21084,87743,0
17581,79487,89185,0
17582,17654,51582,0
17583,34599,106834,0
17584,70458,15086,0
17585,32254,385,0
17586,4725,47751,0
17587,29326,24650,0
17588,133722,79731,0
17589,81986,79342,0
17590,65176,352,0
17591,108849,70217,0
17592,132484,64262,0
17593,138358,96919,0
17594,13166,142571,0
17595,100209,152592,0
17596,18125,19063,0
17597,15649,133452,0
17598,24931,8480,0
17599,148228,25995,0
17600,7189,33817,0
17601,47244,101116,0
17602,124289,125112,0
17603,53993,74977,0
17604,80318,30967,0
17605,5956,53825,0
17606,85377,20229,0
17607,27179,105186,0
17608,22211,61460,0
17609,36859,6376,0
17610,97043,150401,0
17611,143851,7800,0
17612,57079,107658,0
17613,68105,8544,0
17614,35917,78674,0
17615,88511,30848,0
17616,48423,88901,0
17617,57880,124584,0
17618,44364,102050,0
17619,80121,109449,0
17620,67060,63984,0
17621,70048,142442,0
17622,34180,139011,0
17623,71523,49098,0
17624,139359,8192,0
17625,139960,47521,0
17626,83932,144626,0
17627,117223,152939,0
17628,59141,58465,0
17629,144127,154772,0
17630,66695,89526,0
17631,78279,112735,0
17632,11958,20584,0
17633,100983,86713,0
17634,36951,24028,0
17635,44954,117218,0
17636,147306,17183,0
17637,71663,82057,0
17638,39397,121095,0
17639,127131,38903,0
17640,144701,116931,0
17641,80627,95951,0
17642,20725,24890,0
17643,95375,102481,0
17644,62474,25521,0
17645,138207,41710,0
17646,66321,105941,0
17647,136830,17776,0
17648,48656,90895,0
17649,151657,4258,0
17650,20646,14276,0
17651,67671,139556,0
17652,86188,9098,0
17653,27534,70292,0
17654,39666,94444,0
17655,35886,92279,0
17656,94105,98395,0
17657,103625,122719,0
17658,113405,2052,0
17659,27721,135788,0
17660,104525,34682,0
17661,71647,120393,0
17662,60929,54294,0
17663,81806,39481,0
17664,123832,19329,0
17665,53707,47910,0
17666,153106,87453,0
17667,75090,22286,0
17668,108506,72016,0
17669,37692,77514,0
17670,109663,19493,0
17671,96501,61539,0
17672,12748,47480,0
17673,36029,125216,0
17674,61079,60853,0
17675,130506,67743,0
17676,22335,35488,0
17677,59766,63475,0
17678,120977,6254,0
17679,151619,125439,0
17680,94983,84815,0
17681,98574,146757,0
17682,32617,136598,0
17683,1138,22891,0
17684,81338,95603,0
17685,56559,52875,0
17686,138225,77334,0
17687,118509,91626,0
17688,95495,142304,0
17689,51292,67649,0
17690,142970,130686,0
17691,573,11266,0
17692,65828,75682,0
17693,142527,112906,0
17694,112518,115804,0
17695,152054,143327,0
17696,53913,9480,0
17697,10782,51235,0
17698,96502,51760,0
17699,11146,26528,0
17700,73524,4847,0
17701,135233,110771,0
17702,87239,132063,0
17703,127664,48220,0
17704,140072,131197,0
17705,19895,84366,0
17706,102544,104079,0
17707,128872,28282,0
17708,3342,100297,0
17709,82511,82072,0
17710,66156,40608,0
17711,104902,135583,0
17712,38653,74930,0
17713,59384,129229,0
17714,153474,78717,0
17715,5823,143330,0
17716,153753,114816,0
17717,93219,73282,0
17718,130902,40556,0
17719,74846,22904,0
17720,152756,129139,0
17721,72821,59164,0
17722,125870,119441,0
17723,148494,42827,0
17724,95857,153956,0
17725,19982,120186,0
17726,7488,34568,0
17727,140698,17905,0
17728,123762,102583,0
17729,144244,124270,0
17730,60860,109381,0
17731,110535,143137,0
17732,92918,146495,0
17733,44449,122008,0
17734,89178,80972,0
17735,115576,122054,0
17736,34041,87392,0
17737,82603,117573,0
17738,76028,134103,0
17739,104697,19335,0
17740,132325,100427,0
17741,11239,35855,0
17742,124203,152997,0
17743,134349,121951,0
17744,93762,55516,0
17745,86173,78430,0
17746,44452,149734,0
17747,11344,146696,0
17748,92694,149568,0
17749,150856,99156,0
17750,29941,18217,0
17751,152423,127579,0
17752,64417,40217,0
17753,154095,134561,0
17754,7299,150644,0
17755,98744,72744,0
17756,50887,65247,0
17757,7997,70930,0
17758,44990,79623,0
17759,124388,68519,0
17760,32559,150696,0
17761,90387,20500,0
17762,132156,134462,0
17763,11053,136051,0
17764,10598,81184,0
17765,105442,153006,0
17766,112946,35585,0
17767,81697,150109,0
17768,54740,24614,0
17769,10721,111860,0
17770,5595,132684,0
17771,58764,91641,0
17772,76926,119111,0
17773,153604,2165,0
17774,5378,94853,0
17775,60010,19121,0
17776,4180,111160,0
17777,87161,86283,0
17778,39303,34090,0
17779,29919,3803,0
17780,4638,44059,0
17781,3422,17007,0
17782,40077,124943,0
17783,6624,41873,0
17784,75595,117048,0
17785,63949,74496,0
17786,66032,153908,0
17787,36063,34546,0
17788,92030,115196,0
17789,8626,139339,0
17790,91878,80658,0
17791,96692,136809,0
17792,116855,46413,0
17793,136315,44443,0
17794,44484,121580,0
17795,117202,72881,0
17796,143976,33617,0
17797,97612,61155,0
17798,114393,20689,0
17799,125188,127185,0
17800,117733,46494,0
17801,76802,143699,0
17802,37993,89482,0
17803,29168,88594,0
17804,88249,5291,0
17805,5686,64806,0
17806,52433,115407,0
17807,130923,140816,0
17808,36672,44350,0
17809,103924,99394,0
17810,145737,103513,0
17811,51648,100922,0
17812,69564,8149,0
17813,25903,105147,0
17814,98958,80345,0
17815,39816,22268,0
17816,73632,46898,0
17817,117820,7337,0
17818,25981,134143,0
17819,33535,16144,0
17820,153357,33528,0
17821,91086,126041,0
17822,97654,85105,0
17823,82773,10801,0
17824,103322,122838,0
17825,141372,3604,0
17826,67604,18654,0
17827,123746,96573,0
17828,13806,101770,0
17829,69735,136551,0
17830,95078,85814,0
17831,58888,17694,0
17832,6994,116007,0
17833,106743,24400,0
17834,65444,94804,0
17835,8911,107454,0
17836,70032,52427,0
17837,146424,113124,0
17838,39460,102639,0
17839,51206,107217,0
17840,100418,76187,0
17841,56734,74134,0
17842,138673,125127,0
17843,136744,85658,0
17844,37749,29377,0
17845,89223,80528,0
17846,80473,17366,0
17847,136156,151444,0
17848,149096,46557,0
17849,143968,17340,0
17850,149198,45188,0
17851,76886,138850,0
17852,1423,101814,0
17853,79730,69381,0
17854,86693,5004,0
17855,36511,2408,0
17856,44122,51203,0
17857,126951,41297,0
17858,25149,83003,0
17859,90209,62111,0
17860,57025,116213,0
17861,109338,44174,0
17862,118915,77556,0
17863,50816,24885,0
17864,25386,85286,0
17865,49774,145467,0
17866,139846,91446,0
17867,152331,152698,0
17868,127569,118399,0
17869,39382,116844,0
17870,59485,6855,0
17871,105734,19721,0
17872,66710,70719,0
17873,79991,39404,0
17874,145466,124715,0
17875,23025,135086,0
17876,6357,30132,0
17877,87502,30774,0
17878,37843,147415,0
17879,153779,101578,0
17880,55854,20748,0
17881,151964,153970,0
17882,5554,1731,0
17883,153897,55170,0
17884,107437,105569,0
17885,15256,113486,0
17886,48393,69031,0
17887,130990,74975,0
17888,82113,99440,0
17889,145702,29010,0
17890,42828,144153,0
17891,83702,123735,0
17892,39262,91902,0
17893,57631,105341,0
17894,23678,9001,0
17895,135748,119221,0
17896,130155,149837,0
17897,7528,55778,0
17898,32698,5603,0
17899,153963,40499,0
17900,89562,111235,0
17901,18370,100978,0
17902,59736,147898,0
17903,7379,35371,0
17904,46805,28316,0
17905,21839,15210,0
17906,61380,38899,0
17907,146947,48300,0
17908,44266,61040,0
17909,102182,3459,0
17910,16862,136724,0
17911,22265,48253,0
17912,93655,103015,0
17913,8952,27436,0
17914,56566,141561,0
17915,45629,61679,0
17916,117532,18558,0
17917,125701,122272,0
17918,5065,100834,0
17919,125215,42156,0
17920,14400,10096,0
17921,124474,56506,0
17922,149349,45704,0
17923,77468,103651,0
17924,43948,10253,0
17925,150197,94637,0
17926,147752,102458,0
17927,27376,40585,0
17928,48890,31933,0
17929,97080,74193,0
17930,118188,89795,0
17931,71818,93870,0
17932,25981,134830,0
17933,13878,35816,0
17934,148809,153422,0
17935,99448,118922,0
17936,103594,47046,0
17937,118547,119032,0
17938,148845,14009,0
17939,74424,2143,0
17940,71589,105547,0
17941,60588,115723,0
17942,13046,21086,0
17943,59290,19236,0
17944,119887,141200,0
17945,127207,128757,0
17946,10913,101735,0
17947,12712,132178,0
17948,43589,148709,0
17949,76360,124785,0
17950,139492,93632,0
17951,5446,128017,0
17952,44849,49488,0
17953,54580,149728,0
17954,129534,106176,0
17955,88144,112942,0
17956,53447,105629,0
17957,56221,14450,0
17958,99889,64724,0
17959,107283,9706,0
17960,153037,129023,0
17961,96319,5029,0
17962,127157,80783,0
17963,86326,146340,0
17964,140080,76198,0
17965,26265,45734,0
17966,7099,76980,0
17967,129706,10852,0
17968,14107,149112,0
17969,110042,144743,0
17970,32151,4616,0
17971,90690,1767,0
17972,89092,16508,0
17973,151732,82160,0
17974,10482,105008,0
17975,141281,97508,0
17976,83369,82047,0
17977,36630,103030,0
17978,80499,39112,0
17979,128557,42436,0
17980,21658,32561,0
17981,102436,139962,0
17982,149249,96015,0
17983,125061,134646,0
17984,122841,138826,0
17985,124738,40626,0
17986,99335,22536,0
17987,2437,37054,0
17988,34003,117960,0
17989,20282,71900,0
17990,13122,36008,0
17991,37728,68404,0
17992,134475,82624,0
17993,26308,38432,0
17994,81574,73130,0
17995,154043,9116,0
17996,94412,26941,0
17997,43082,149967,0
17998,50748,5032,0
17999,68427,65651,0
18000,3933,31202,0
18001,10902,94791,0
18002,37156,22136,0
18003,154705,80059,0
18004,4606,82499,0
18005,39240,74939,0
18006,14955,130947,0
18007,20318,148758,0
18008,142043,61880,0
18009,150277,31963,0
18010,82690,45891,0
18011,115308,3047,0
18012,31336,145634,0
18013,80288,138500,0
18014,98298,26240,0
18015,139979,105347,0
18016,151814,121881,0
18017,130393,70043,0
18018,53964,26417,0
18019,142609,131228,0
18020,129706,79113,0
18021,116749,11163,0
18022,34038,26536,0
18023,87406,47577,0
18024,21937,14261,0
18025,40773,54662,0
18026,88694,43010,0
18027,139740,64661,0
18028,30537,58076,0
18029,79851,56996,0
18030,89063,4565,0
18031,69459,53636,0
18032,33208,69279,0
18033,2801,153100,0
18034,58557,118457,0
18035,112433,16756,0
18036,91309,101492,0
18037,152881,90695,0
18038,58039,83976,0
18039,40745,150550,0
18040,101787,41866,0
18041,119448,9458,0
18042,106393,63690,0
18043,77594,146031,0
18044,53699,106072,0
18045,105928,54493,0
18046,146938,15286,0
18047,43859,111150,0
18048,116375,92068,0
18049,12860,79052,0
18050,41785,4535,0
18051,68145,100781,0
18052,147295,52941,0
18053,43611,35933,0
18054,120572,22409,0
18055,56630,84186,0
18056,113198,25243,0
18057,127076,91343,0
18058,139431,77528,0
18059,26250,28605,0
18060,131950,80608,0
18061,33632,61124,0
18062,24911,74741,0
18063,80174,49646,0
18064,147695,33444,0
18065,8880,50744,0
18066,45867,110467,0
18067,137615,120613,0
18068,99448,5426,0
18069,128706,114842,0
18070,16375,147557,0
18071,62682,57962,0
18072,108648,119555,0
18073,124051,55774,0
18074,93944,1879,0
18075,61837,153011,0
18076,145126,17630,0
18077,144357,25147,0
18078,75747,106234,0
18079,44962,113025,0
18080,23256,105160,0
18081,81452,37549,0
18082,155110,80631,0
18083,56762,5139,0
18084,19599,102342,0
18085,108023,49099,0
18086,137033,60872,0
18087,130396,138567,0
18088,82894,137948,0
18089,63449,143460,0
18090,67722,18200,0
18091,66401,52778,0
18092,94617,93671,0
18093,40250,67846,0
18094,106004,21498,0
18095,108950,101678,0
18096,37376,25390,0
18097,148645,101361,0
18098,116324,90946,0
18099,48757,35447,0
18100,101950,143843,0
18101,8667,45901,0
18102,56964,129237,0
18103,102719,88979,0
18104,117025,130558,0
18105,81643,23919,0
18106,62579,151186,0
18107,146912,31116,0
18108,88480,66705,0
18109,17194,13615,0
18110,146138,95624,0
18111,46039,39330,0
18112,29410,76657,0
18113,4295,113955,0
18114,126296,145581,0
18115,10697,32056,0
18116,112238,1267,0
18117,89724,118118,0
18118,39743,23595,0
18119,146500,4232,0
18120,135509,40944,0
18121,8952,103978,0
18122,96684,142371,0
18123,47433,11164,0
18124,14013,9881,0
18125,99522,71887,0
18126,6347,3334,0
18127,122976,123843,0
18128,68704,14079,0
18129,19510,7045,0
18130,152847,26791,0
18131,37040,99607,0
18132,42298,110031,0
18133,33845,118061,0
18134,85421,50267,0
18135,143981,70930,0
18136,50830,108910,0
18137,38221,137555,0
18138,26483,117817,0
18139,85295,102655,0
18140,109664,22400,0
18141,67043,143887,0
18142,51407,127201,0
18143,7933,83062,0
18144,59213,39159,0
18145,31033,64031,0
18146,68155,15881,0
18147,55713,83635,0
18148,51777,50475,0
18149,114330,65246,0
18150,5533,101323,0
18151,19834,92608,0
18152,121860,72933,0
18153,18812,6013,0
18154,29130,95516,0
18155,44651,71557,0
18156,44502,46102,0
18157,72980,110364,0
18158,54324,90401,0
18159,8432,22688,0
18160,148774,3968,0
18161,106656,90750,0
18162,7426,125857,0
18163,74046,34264,0
18164,70967,414,0
18165,5168,94691,0
18166,102433,23885,0
18167,81453,1634,0
18168,110434,144535,0
18169,99267,66234,0
18170,57688,75963,0
18171,146869,23700,0
18172,139358,106370,0
18173,48725,73232,0
18174,143773,27271,0
18175,95637,142286,0
18176,47433,80421,0
18177,111119,11261,0
18178,50940,121716,0
18179,56071,116950,0
18180,114911,34215,0
18181,139662,17745,0
18182,106811,56890,0
18183,9024,113956,0
18184,26728,36285,0
18185,25210,128714,0
18186,104870,100887,0
18187,9874,103121,0
18188,85418,146818,0
18189,4033,29607,0
18190,95149,58088,0
18191,40822,107375,0
18192,67728,131075,0
18193,34146,138854,0
18194,81580,123613,0
18195,151050,74058,0
18196,77626,103324,0
18197,82548,35491,0
18198,147527,150413,0
18199,106228,103121,0
18200,62588,11004,0
18201,54980,34393,0
18202,126604,3473,0
18203,109693,13705,0
18204,103872,19952,0
18205,153433,21355,0
18206,115907,39121,0
18207,55368,102760,0
18208,48098,149810,0
18209,82229,107375,0
18210,14160,149151,0
18211,29413,81422,0
18212,126325,88104,0
18213,25554,96621,0
18214,138330,22324,0
18215,35675,18055,0
18216,1695,114302,0
18217,74519,62562,0
18218,6303,151601,0
18219,111288,92976,0
18220,154934,134316,0
18221,40296,56248,0
18222,107549,25656,0
18223,139039,105247,0
18224,57666,89208,0
18225,144357,54244,0
18226,34508,73847,0
18227,125911,30978,0
18228,104038,98511,0
18229,13528,83858,0
18230,49955,30242,0
18231,70699,50997,0
18232,7457,112108,0
18233,29370,51968,0
18234,43357,1714,0
18235,135311,77146,0
18236,149457,26160,0
18237,45748,62309,0
18238,25990,47328,0
18239,58446,44813,0
18240,12880,104698,0
18241,94064,133717,0
18242,27315,111095,0
18243,12846,123339,0
18244,135858,96970,0
18245,85425,101184,0
18246,29892,48037,0
18247,93506,22608,0
18248,127724,5489,0
18249,76345,148146,0
18250,55334,74142,0
18251,37894,122736,0
18252,101282,67422,0
18253,64264,121005,0
18254,47912,140092,0
18255,57614,90935,0
18256,24185,18981,0
18257,132712,126649,0
18258,21959,7341,0
18259,134935,43084,0
18260,136230,54127,0
18261,129728,95722,0
18262,109337,100451,0
18263,35834,130844,0
18264,45683,154153,0
18265,115404,38676,0
18266,88455,93558,0
18267,30556,30355,0
18268,154652,96736,0
18269,41739,39447,0
18270,30133,108019,0
18271,55367,97168,0
18272,46469,34507,0
18273,127092,30904,0
18274,38173,16497,0
18275,13298,33961,0
18276,29784,146060,0
18277,149433,30206,0
18278,72314,111476,0
18279,70417,58240,0
18280,6577,36696,0
18281,101585,71470,0
18282,32299,71334,0
18283,154283,106040,0
18284,132175,71220,0
18285,126442,27496,0
18286,16942,55252,0
18287,74272,37736,0
18288,31731,18872,0
18289,88137,147517,0
18290,94098,96998,0
18291,18747,7404,0
18292,77169,30335,0
18293,20460,123077,0
18294,5699,82046,0
18295,127176,126783,0
18296,77673,138970,0
18297,118924,94780,0
18298,8493,47804,0
18299,141629,106787,0
18300,71307,152623,0
18301,58768,148058,0
18302,37738,29084,0
18303,60133,45210,0
18304,116661,101971,0
18305,22938,107449,0
18306,4593,144513,0
18307,154099,95019,0
18308,149340,139436,0
18309,72229,124161,0
18310,146258,142830,0
18311,93188,4249,0
18312,12833,77733,0
18313,69151,102742,0
18314,22091,141395,0
18315,114699,148467,0
18316,108297,127346,0
18317,122529,44271,0
18318,12760,114731,0
18319,47671,101688,0
18320,146139,74725,0
18321,47697,2632,0
18322,32525,8909,0
18323,21078,148205,0
18324,115617,100962,0
18325,84876,91163,0
18326,135094,143920,0
18327,28486,17774,0
18328,144608,42707,0
18329,42878,22907,0
18330,138554,105971,0
18331,11389,911,0
18332,125462,80391,0
18333,136619,138854,0
18334,74062,124589,0
18335,78681,147015,0
18336,34856,89796,0
18337,1778,93163,0
18338,42999,18410,0
18339,19131,111051,0
18340,73800,122788,0
18341,46968,11373,0
18342,55458,56479,0
18343,26849,54251,0
18344,148096,102115,0
18345,122948,30673,0
18346,136068,125648,0
18347,108633,34035,0
18348,77340,40448,0
18349,126212,44764,0
18350,1303,121608,0
18351,109028,124107,0
18352,130375,53665,0
18353,49805,37702,0
18354,40093,73259,0
18355,32793,112123,0
18356,5423,151732,0
18357,33863,83438,0
18358,90484,50645,0
18359,79219,27710,0
18360,152503,144793,0
18361,24214,51439,0
18362,46663,92355,0
18363,103166,12016,0
18364,110929,44167,0
18365,13050,88979,0
18366,144780,37662,0
18367,17324,93003,0
18368,114303,136130,0
18369,72480,72203,0
18370,108653,96615,0
18371,86415,74459,0
18372,117438,54884,0
18373,62567,1492,0
18374,149469,47190,0
18375,10853,62212,0
18376,41408,15823,0
18377,149849,16247,0
18378,29220,72091,0
18379,68890,33542,0
18380,141525,13893,0
18381,135450,43447,0
18382,37218,117459,0
18383,50947,113297,0
18384,149939,52594,0
18385,55716,112126,0
18386,153372,510,0
18387,97088,119936,0
18388,96422,9155,0
18389,26980,94179,0
18390,145996,120266,0
18391,133933,64865,0
18392,91801,43864,0
18393,66261,82076,0
18394,138774,51953,0
18395,100687,83940,0
18396,104180,147168,0
18397,94004,149560,0
18398,110751,14657,0
18399,153643,47759,0
18400,8464,65787,0
18401,114035,78954,0
18402,30836,45217,0
18403,126272,12122,0
18404,43015,104148,0
18405,1512,102796,0
18406,26560,70139,0
18407,94557,130650,0
18408,78341,10346,0
18409,9089,5471,0
18410,19551,51416,0
18411,80121,36552,0
18412,45341,84291,0
18413,67600,75027,0
18414,140587,133108,0
18415,77975,101981,0
18416,86958,39285,0
18417,35832,90761,0
18418,50702,60673,0
18419,139911,117866,0
18420,17807,20988,0
18421,33467,146528,0
18422,16941,124992,0
18423,154441,33818,0
18424,152423,69432,0
18425,17942,72534,0
18426,30970,85846,0
18427,105115,53925,0
18428,1157,79165,0
18429,20226,128786,0
18430,35099,54296,0
18431,86556,13897,0
18432,74096,39456,0
18433,32419,53715,0
18434,86637,87388,0
18435,55808,86970,0
18436,151092,111954,0
18437,50451,23441,0
18438,80093,89509,0
18439,22581,14054,0
18440,131871,130970,0
18441,92192,121716,0
18442,139967,25423,0
18443,138120,2885,0
18444,98080,136475,0
18445,47569,87224,0
18446,35756,77476,0
18447,3783,22982,0
18448,18020,7157,0
18449,62607,155131,0
18450,77593,136697,0
18451,38365,107262,0
18452,21594,154582,0
18453,115447,127839,0
18454,23916,46578,0
18455,54966,120362,0
18456,101731,96192,0
18457,76914,125039,0
18458,66740,133729,0
18459,50653,129193,0
18460,9991,9073,0
18461,70523,58511,0
18462,140358,5645,0
18463,89748,75906,0
18464,51989,104041,0
18465,1432,5193,0
18466,153278,90914,0
18467,152474,135866,0
18468,132341,44349,0
18469,63898,154635,0
18470,2820,134201,0
18471,30054,147014,0
18472,48841,13294,0
18473,100830,26462,0
18474,9093,12377,0
18475,68328,16193,0
18476,42731,134491,0
18477,56145,62783,0
18478,134765,133844,0
18479,3624,139095,0
18480,144714,141,0
18481,121409,28205,0
18482,138417,90138,0
18483,121759,145113,0
18484,9276,25749,0
18485,38416,31928,0
18486,92834,86442,0
18487,136004,96131,0
18488,1777,37625,0
18489,8576,19835,0
18490,101225,80621,0
18491,28448,104113,0
18492,88839,154830,0
18493,54374,65327,0
18494,79776,137657,0
18495,105646,19632,0
18496,1791,19004,0
18497,137087,109379,0
18498,90703,3907,0
18499,49129,50932,0
18500,74576,26826,0
18501,64439,51707,0
18502,132332,147830,0
18503,17364,110827,0
18504,114681,27723,0
18505,48445,9657,0
18506,36859,41210,0
18507,154129,93606,0
18508,95079,124250,0
18509,30205,74996,0
18510,151195,24998,0
18511,142997,30122,0
18512,58338,49688,0
18513,87795,151855,0
18514,79117,86565,0
18515,100700,76583,0
18516,42193,32077,0
18517,138622,106075,0
18518,31952,143617,0
18519,76768,53496,0
18520,87496,99089,0
18521,70018,101234,0
18522,18298,80630,0
18523,84933,131264,0
18524,110493,18830,0
18525,70312,94926,0
18526,131010,15755,0
18527,838,130111,0
18528,152569,38555,0
18529,4200,8845,0
18530,55680,80866,0
18531,153328,15663,0
18532,15986,123984,0
18533,151634,66397,0
18534,17378,93158,0
18535,60812,87829,0
18536,19906,128000,0
18537,139265,72537,0
18538,78442,92788,0
18539,107756,122253,0
18540,128547,126909,0
18541,27300,26175,0
18542,14852,20570,0
18543,153955,52623,0
18544,92719,125780,0
18545,34858,120929,0
18546,36922,42924,0
18547,97530,108205,0
18548,5854,119265,0
18549,34719,54410,0
18550,76349,54086,0
18551,16900,108991,0
18552,140491,117501,0
18553,43801,89719,0
18554,44078,30318,0
18555,120604,152122,0
18556,24375,137455,0
18557,110024,15640,0
18558,56026,84180,0
18559,126611,30826,0
18560,24293,37855,0
18561,124830,47898,0
18562,104374,2422,0
18563,144550,85784,0
18564,140069,122181,0
18565,93002,153870,0
18566,110264,50345,0
18567,137870,97767,0
18568,84165,136251,0
18569,96504,112399,0
18570,125575,36983,0
18571,143866,114537,0
18572,40686,85048,0
18573,11041,62407,0
18574,79761,35205,0
18575,22905,60063,0
18576,151878,73995,0
18577,101771,20237,0
18578,31959,125994,0
18579,97687,64298,0
18580,3097,140305,0
18581,118270,153453,0
18582,41811,140495,0
18583,106346,75944,0
18584,76701,120594,0
18585,29540,63738,0
18586,132760,71361,0
18587,32100,152488,0
18588,45961,95050,0
18589,91810,50371,0
18590,71600,100136,0
18591,68953,133432,0
18592,97904,15586,0
18593,152607,128978,0
18594,76606,109462,0
18595,85930,124424,0
18596,46506,64836,0
18597,127815,111753,0
18598,121988,42396,0
18599,104284,70795,0
18600,154279,41218,0
18601,151065,35484,0
18602,9283,49512,0
18603,52937,75209,0
18604,127811,115095,0
18605,30154,107425,0
18606,144659,34819,0
18607,120459,67383,0
18608,62010,94690,0
18609,85041,22830,0
18610,24452,11955,0
18611,35847,51140,0
18612,49067,56262,0
18613,136248,135022,0
18614,29204,132926,0
18615,12421,143004,0
18616,139394,6698,0
18617,100860,153731,0
18618,76810,1781,0
18619,7427,136904,0
18620,97809,140736,0
18621,61656,85158,0
18622,96913,24840,0
18623,68262,126984,0
18624,51392,15688,0
18625,143111,150186,0
18626,11484,77077,0
18627,82648,74606,0
18628,78206,122040,0
18629,17609,31027,0
18630,19892,42732,0
18631,121121,47133,0
18632,25846,121070,0
18633,19939,101168,0
18634,95229,23273,0
18635,114905,101525,0
18636,122314,17432,0
18637,121660,132011,0
18638,17332,68912,0
18639,128182,43911,0
18640,94140,66960,0
18641,36675,106278,0
18642,109162,124322,0
18643,52115,138814,0
18644,16058,74580,0
18645,136480,22637,0
18646,152726,5254,0
18647,64448,131360,0
18648,100615,3238,0
18649,129006,123965,0
18650,122013,81667,0
18651,136806,36367,0
18652,99554,114408,0
18653,86040,85403,0
18654,130114,48937,0
18655,96179,149005,0
18656,146922,31374,0
18657,149555,115411,0
18658,116805,147911,0
18659,2087,23141,0
18660,92593,68133,0
18661,82890,20182,0
18662,35216,98974,0
18663,13702,5257,0
18664,24165,142706,0
18665,106667,83280,0
18666,3856,73850,0
18667,25137,28023,0
18668,10649,22022,0
18669,141153,122896,0
18670,40314,106186,0
18671,98894,100441,0
18672,46094,56877,0
18673,111612,42808,0
18674,24636,69083,0
18675,43359,20208,0
18676,106858,67730,0
18677,31249,82884,0
18678,40118,114763,0
18679,32506,40710,0
18680,117340,113716,0
18681,21103,32000,0
18682,27289,97159,0
18683,126812,84230,0
18684,108194,105596,0
18685,29504,30549,0
18686,559,88162,0
18687,75473,149368,0
18688,95919,68920,0
18689,54526,105918,0
18690,131933,17532,0
18691,102903,76169,0
18692,6099,117199,0
18693,93125,105703,0
18694,98063,5981,0
18695,45707,144804,0
18696,111494,152877,0
18697,30133,79167,0
18698,1771,18684,0
18699,15302,114494,0
18700,130400,65841,0
18701,131092,99883,0
18702,119273,78645,0
18703,48332,104305,0
18704,16437,107845,0
18705,152654,46410,0
18706,26768,111847,0
18707,42213,101213,0
18708,76415,60406,0
18709,63834,145011,0
18710,136265,121503,0
18711,142196,143549,0
18712,46950,36447,0
18713,133989,72404,0
18714,89178,94878,0
18715,116231,141254,0
18716,133629,53637,0
18717,55210,12743,0
18718,106846,79010,0
18719,21078,153593,0
18720,138069,47904,0
18721,84813,97092,0
18722,27452,17314,0
18723,98120,76996,0
18724,144456,108464,0
18725,19502,37015,0
18726,137284,44099,0
18727,89390,39237,0
18728,135143,39437,0
18729,100874,33634,0
18730,126851,46012,0
18731,49720,102301,0
18732,95227,94135,0
18733,83971,24982,0
18734,122099,58524,0
18735,85000,27968,0
18736,36107,82739,0
18737,41409,39253,0
18738,71468,109509,0
18739,49011,154221,0
18740,85911,39128,0
18741,41122,40252,0
18742,17332,83403,0
18743,109913,148107,0
18744,24180,60717,0
18745,131169,59102,0
18746,20865,122233,0
18747,28986,3902,0
18748,144047,148201,0
18749,50152,105148,0
18750,83116,98182,0
18751,62607,124228,0
18752,133007,111284,0
18753,57971,69832,0
18754,108962,95074,0
18755,103925,97503,0
18756,90020,153677,0
18757,139066,143756,0
18758,54379,114682,0
18759,53372,117689,0
18760,3833,85024,0
18761,18972,103405,0
18762,96812,49266,0
18763,83056,152144,0
18764,5715,88478,0
18765,106870,11386,0
18766,91526,151718,0
18767,143551,91503,0
18768,104300,10702,0
18769,66135,148230,0
18770,90471,72152,0
18771,71591,8276,0
18772,110292,124928,0
18773,130285,83892,0
18774,36548,117896,0
18775,7482,79472,0
18776,5477,141319,0
18777,102081,107915,0
18778,89562,11807,0
18779,51108,124478,0
18780,67021,118543,0
18781,89508,98023,0
18782,52948,127755,0
18783,123821,3093,0
18784,118344,82367,0
18785,51004,147404,0
18786,3167,2265,0
18787,136081,24605,0
18788,147189,153275,0
18789,105369,48706,0
18790,15153,73914,0
18791,80439,143889,0
18792,50882,17555,0
18793,51916,102785,0
18794,14317,124754,0
18795,52346,56136,0
18796,25990,40563,0
18797,6441,146943,0
18798,4410,127895,0
18799,80364,149967,0
18800,118658,127737,0
18801,39384,45081,0
18802,90351,145192,0
18803,25289,150963,0
18804,119699,89171,0
18805,56449,5043,0
18806,67623,111785,0
18807,69020,91037,0
18808,90227,112914,0
18809,112262,12737,0
18810,96187,72136,0
18811,145398,53582,0
18812,118768,49168,0
18813,136666,115908,0
18814,106971,6137,0
18815,30699,112013,0
18816,130990,30496,0
18817,21411,7267,0
18818,818,128058,0
18819,106744,145239,0
18820,135035,116433,0
18821,17525,70233,0
18822,133692,131777,0
18823,108695,104668,0
18824,113839,97496,0
18825,115439,109533,0
18826,87925,22918,0
18827,150313,109409,0
18828,91736,126510,0
18829,95241,29604,0
18830,92095,115850,0
18831,154192,127533,0
18832,48460,139131,0
18833,89581,38609,0
18834,34310,152145,0
18835,121995,64839,0
18836,149961,71846,0
18837,16650,7249,0
18838,92152,119891,0
18839,105037,28194,0
18840,113337,65095,0
18841,69770,55414,0
18842,81027,146581,0
18843,76139,16170,0
18844,59713,111166,0
18845,32028,18700,0
18846,27247,31103,0
18847,39768,54152,0
18848,99670,91105,0
18849,150038,90309,0
18850,36612,123520,0
18851,74214,124541,0
18852,141997,141508,0
18853,39821,123532,0
18854,73346,2726,0
18855,135410,106503,0
18856,122215,134423,0
18857,18541,20874,0
18858,81666,14535,0
18859,71067,7728,0
18860,88761,144476,0
18861,24301,149638,0
18862,102457,122870,0
18863,152163,56834,0
18864,35742,139062,0
18865,49116,27398,0
18866,94612,38103,0
18867,110096,53278,0
18868,20742,62379,0
18869,99068,32748,0
18870,5230,52092,0
18871,76018,2658,0
18872,91441,9149,0
18873,148926,97762,0
18874,9943,120294,0
18875,9606,117075,0
18876,114872,114225,0
18877,46509,56199,0
18878,4592,43962,0
18879,11863,35716,0
18880,93274,119243,0
18881,59684,21166,0
18882,82805,120953,0
18883,74953,149863,0
18884,154523,116836,0
18885,55081,67712,0
18886,81252,108415,0
18887,76670,87686,0
18888,70823,78747,0
18889,154995,29744,0
18890,46454,120331,0
18891,56307,78931,0
18892,81162,27251,0
18893,139908,66142,0
18894,116076,153035,0
18895,7309,20086,0
18896,43382,27501,0
18897,119514,4558,0
18898,128571,79906,0
18899,71803,114506,0
18900,81889,125233,0
18901,81239,90248,0
18902,68303,46906,0
18903,98937,49665,0
18904,120254,87469,0
18905,131410,12630,0
18906,54734,20191,0
18907,30146,55554,0
18908,88145,37470,0
18909,89345,147671,0
18910,114299,27535,0
18911,2927,36957,0
18912,98051,82280,0
18913,25619,84008,0
18914,112261,135927,0
18915,41811,98761,0
18916,10294,99795,0
18917,12051,117454,0
18918,11402,101633,0
18919,158,32144,0
18920,87549,81814,0
18921,31534,25521,0
18922,46341,147273,0
18923,68741,62570,0
18924,50985,54069,0
18925,151750,104620,0
18926,63266,14093,0
18927,135103,71648,0
18928,102398,51195,0
18929,104895,7366,0
18930,5065,96642,0
18931,34294,149121,0
18932,139998,111205,0
18933,50054,97164,0
18934,36538,94276,0
18935,109686,146978,0
18936,43472,111830,0
18937,58698,41060,0
18938,80814,13493,0
18939,31236,94449,0
18940,92406,24991,0
18941,43550,112014,0
18942,130503,131781,0
18943,32950,88494,0
18944,41896,83131,0
18945,133966,143009,0
18946,10826,35585,0
18947,81270,111949,0
18948,59990,90648,0
18949,148883,715,0
18950,58715,56506,0
18951,131967,48199,0
18952,61305,88094,0
18953,60931,52151,0
18954,146367,41259,0
18955,81696,101077,0
18956,5073,121099,0
18957,122457,15555,0
18958,125036,82861,0
18959,104166,78114,0
18960,111526,11804,0
18961,55986,7629,0
18962,46463,12144,0
18963,52854,146034,0
18964,131873,123419,0
18965,147564,152993,0
18966,142496,65191,0
18967,127349,139621,0
18968,66151,36039,0
18969,148209,98049,0
18970,65658,60954,0
18971,72131,11837,0
18972,52123,140948,0
18973,118393,56099,0
18974,108341,39393,0
18975,19461,69037,0
18976,124196,98527,0
18977,61118,30671,0
18978,125544,5366,0
18979,131498,54933,0
18980,91903,68189,0
18981,149498,27443,0
18982,108784,84438,0
18983,33914,113565,0
18984,109653,83982,0
18985,152783,127239,0
18986,136202,150069,0
18987,35822,132929,0
18988,65116,47529,0
18989,134702,47482,0
18990,120559,135678,0
18991,139971,153693,0
18992,3054,840,0
18993,55644,108741,0
18994,63428,68553,0
18995,96271,142841,0
18996,36600,134992,0
18997,81399,33190,0
18998,102692,151076,0
18999,77724,83065,0
19000,37062,38299,0
19001,61105,85242,0
19002,106386,73979,0
19003,64511,134823,0
19004,88410,111729,0
19005,99921,18792,0
19006,68675,13337,0
19007,41077,103981,0
19008,103936,78461,0
19009,22257,105565,0
19010,78469,135227,0
19011,33271,53986,0
19012,34014,139184,0
19013,111003,107833,0
19014,147466,13110,0
19015,95292,91470,0
19016,18598,129234,0
19017,90577,7781,0
19018,100803,21228,0
19019,20212,55761,0
19020,61034,49587,0
19021,38048,20457,0
19022,102809,9356,0
19023,125366,110323,0
19024,53844,69419,0
19025,52971,3394,0
19026,103598,48513,0
19027,49987,98615,0
19028,25525,137,0
19029,73152,3516,0
19030,42577,115207,0
19031,37957,122870,0
19032,144377,14618,0
19033,97868,99397,0
19034,83641,142877,0
19035,93762,79856,0
19036,57100,108943,0
19037,70956,54456,0
19038,43352,106564,0
19039,22248,4709,0
